{"producer":{"name":"Blender","version":"2.76 (sub 0)","exporter_version":"5.6.4","file":"Ballbot.babylon"},
"autoClear":true,"clearColor":[0.0509,0.0509,0.0509],"ambientColor":[0,0,0],"gravity":[0,-9.81,0],
"materials":[{"name":"Ballbot.Ballbot Body","id":"Ballbot.Ballbot Body","ambient":[0,0,0],"diffuse":[0.8,0.8,0.8],"specular":[1,1,1],"emissive":[0,0,0],"specularPower":64,"alpha":1,"backFaceCulling":true,"checkReadyOnlyOnce":false,"maxSimultaneousLights":4,
"diffuseTexture":{"name":"Ballbot.jpg","level":1,"hasAlpha":0,"coordinatesMode":0,"uOffset":0,"vOffset":0,"uScale":1,"vScale":1,"uAng":0,"vAng":0,"wAng":0,"wrapU":0,"wrapV":0,"coordinatesIndex":0},
"emissiveTexture":{"name":"Ballbot_Ballbot_Body_EMIT.jpg","level":1,"hasAlpha":0,"coordinatesMode":0,"uOffset":0,"vOffset":0,"uScale":1,"vScale":1,"uAng":0,"vAng":0,"wAng":0,"wrapU":0,"wrapV":0,"coordinatesIndex":0}}],
"multiMaterials":[],
"skeletons":[{"name":"Ballbot Armature","id":0,"dimensionsAtRest":[8.6543,6.0512,1.6721],"bones":[
{"name":"hips","index":0,"matrix":[1,0,0,0,0,1,-0.0024,0,0,-0.0024,-1,0,0,2.6632,0.014,1],"rest":[1,0,0,0,0,1,-0.0024,0,0,-0.0024,-1,0,0,2.6632,0.014,1],"parentBoneIndex":-1,"length":0.6984
,"animation":{"dataType":3,"framePerSecond":24,"keys":[
{"frame":1,"values":[1,0,0,0,0,1,-0.0024,0,0,-0.0024,-1,0,0,2.6632,0.014,1]},
{"frame":31,"values":[1,0,0,0,0,1,-0.0024,0,0,-0.0024,-1,0,0,2.6632,0.014,1]},
{"frame":41,"values":[1,0,0,0,0,1,-0.0024,0,0,-0.0024,-1,0,0,2.6632,0.014,1]},
{"frame":71,"values":[1,0,0,0,0,1,-0.0024,0,0,-0.0024,-1,0,0,2.6632,0.014,1]},
{"frame":81,"values":[1,0,0,0,0,1,-0.0024,0,0,-0.0024,-1,0,0,2.6632,0.014,1]},
{"frame":5888,"values":[1,0,0,0,0,1,-0.0024,0,0,-0.0024,-1,0,0,2.6632,0.014,1]},
{"frame":5901,"values":[1,0,0,0,0,1,-0.0024,0,0,-0.0024,-1,0,0,2.6632,0.014,1]},
{"frame":11708,"values":[1,0,0,0,0,1,-0.0024,0,0,-0.0024,-1,0,0,2.6632,0.014,1]},
{"frame":11721,"values":[1,0,0,0,0,1,-0.0024,0,0,-0.0024,-1,0,0,2.6632,0.014,1]},
{"frame":17528,"values":[1,0,0,0,0,1,-0.0024,0,0,-0.0024,-1,0,0,2.6632,0.014,1]},
{"frame":17541,"values":[1,0,0,0,0,1,-0.0024,0,0,-0.0024,-1,0,0,2.6632,0.014,1]},
{"frame":23348,"values":[1,0,0,0,0,1,-0.0024,0,0,-0.0024,-1,0,0,2.6632,0.014,1]}],"loopBehavior":1,"name":"anim","property":"_matrix"}},
{"name":"chest","index":1,"matrix":[0.9846,-0.0015,-0.1746,0,0,1,-0.0088,0,0.1746,0.0086,0.9846,0,0,0.6984,0,1],"rest":[1,0,0,0,0,1,-0.0088,0,0,0.0088,1,0,0,0.6984,0,1],"parentBoneIndex":0,"length":0.7866
,"animation":{"dataType":3,"framePerSecond":24,"keys":[
{"frame":1,"values":[0.9846,-0.0015,-0.1746,0,0,1,-0.0088,0,0.1746,0.0086,0.9846,0,0,0.6984,0,1]},
{"frame":2,"values":[0.9863,-0.0014,-0.1648,0,0,1,-0.0088,0,0.1648,0.0086,0.9863,0,0,0.6984,0,1]},
{"frame":3,"values":[0.9909,-0.0012,-0.1347,0,0,1,-0.0088,0,0.1347,0.0087,0.9908,0,0,0.6984,0,1]},
{"frame":4,"values":[0.996,-0.0008,-0.0892,0,0,1,-0.0088,0,0.0892,0.0087,0.996,0,0,0.6984,0,1]},
{"frame":5,"values":[0.9992,-0.0004,-0.0407,0,0,1,-0.0088,0,0.0407,0.0088,0.9991,0,0,0.6984,0,1]},
{"frame":6,"values":[1,0,0,0,0,1,-0.0088,0,0,0.0088,1,0,0,0.6984,0,1]},
{"frame":7,"values":[0.9992,0.0004,0.0407,0,0,1,-0.0088,0,-0.0407,0.0088,0.9991,0,0,0.6984,0,1]},
{"frame":8,"values":[0.996,0.0008,0.0892,0,0,1,-0.0088,0,-0.0892,0.0087,0.996,0,0,0.6984,0,1]},
{"frame":9,"values":[0.9909,0.0012,0.1347,0,0,1,-0.0088,0,-0.1347,0.0087,0.9908,0,0,0.6984,0,1]},
{"frame":10,"values":[0.9863,0.0014,0.1648,0,0,1,-0.0088,0,-0.1648,0.0086,0.9863,0,0,0.6984,0,1]},
{"frame":11,"values":[0.9846,0.0015,0.1746,0,0,1,-0.0088,0,-0.1746,0.0086,0.9846,0,0,0.6984,0,1]},
{"frame":17,"values":[0.9863,0.0014,0.1648,0,0,1,-0.0088,0,-0.1648,0.0086,0.9863,0,0,0.6984,0,1]},
{"frame":18,"values":[0.9909,0.0012,0.1347,0,0,1,-0.0088,0,-0.1347,0.0087,0.9908,0,0,0.6984,0,1]},
{"frame":19,"values":[0.996,0.0008,0.0892,0,0,1,-0.0088,0,-0.0892,0.0087,0.996,0,0,0.6984,0,1]},
{"frame":20,"values":[0.9992,0.0004,0.0407,0,0,1,-0.0088,0,-0.0407,0.0088,0.9991,0,0,0.6984,0,1]},
{"frame":21,"values":[1,0,0,0,0,1,-0.0088,0,0,0.0088,1,0,0,0.6984,0,1]},
{"frame":22,"values":[0.9992,-0.0004,-0.0407,0,0,1,-0.0088,0,0.0407,0.0088,0.9991,0,0,0.6984,0,1]},
{"frame":23,"values":[0.996,-0.0008,-0.0892,0,0,1,-0.0088,0,0.0892,0.0087,0.996,0,0,0.6984,0,1]},
{"frame":24,"values":[0.9909,-0.0012,-0.1347,0,0,1,-0.0088,0,0.1347,0.0087,0.9908,0,0,0.6984,0,1]},
{"frame":25,"values":[0.9863,-0.0014,-0.1648,0,0,1,-0.0088,0,0.1648,0.0086,0.9863,0,0,0.6984,0,1]},
{"frame":26,"values":[0.9846,-0.0015,-0.1746,0,0,1,-0.0088,0,0.1746,0.0086,0.9846,0,0,0.6984,0,1]},
{"frame":31,"values":[0.9846,-0.0015,-0.1746,0,0,1,-0.0088,0,0.1746,0.0086,0.9846,0,0,0.6984,0,1]},
{"frame":41,"values":[0.9846,-0.0015,-0.1746,0,0,1,-0.0088,0,0.1746,0.0086,0.9846,0,0,0.6984,0,1]},
{"frame":42,"values":[0.9863,-0.0014,-0.1648,0,0,1,-0.0088,0,0.1648,0.0086,0.9863,0,0,0.6984,0,1]},
{"frame":43,"values":[0.9909,-0.0012,-0.1347,0,0,1,-0.0088,0,0.1347,0.0087,0.9908,0,0,0.6984,0,1]},
{"frame":44,"values":[0.996,-0.0008,-0.0892,0,0,1,-0.0088,0,0.0892,0.0087,0.996,0,0,0.6984,0,1]},
{"frame":45,"values":[0.9992,-0.0004,-0.0407,0,0,1,-0.0088,0,0.0407,0.0088,0.9991,0,0,0.6984,0,1]},
{"frame":46,"values":[1,0,0,0,0,1,-0.0088,0,0,0.0088,1,0,0,0.6984,0,1]},
{"frame":47,"values":[0.9992,0.0004,0.0407,0,0,1,-0.0088,0,-0.0407,0.0088,0.9991,0,0,0.6984,0,1]},
{"frame":48,"values":[0.996,0.0008,0.0892,0,0,1,-0.0088,0,-0.0892,0.0087,0.996,0,0,0.6984,0,1]},
{"frame":49,"values":[0.9909,0.0012,0.1347,0,0,1,-0.0088,0,-0.1347,0.0087,0.9908,0,0,0.6984,0,1]},
{"frame":50,"values":[0.9863,0.0014,0.1648,0,0,1,-0.0088,0,-0.1648,0.0086,0.9863,0,0,0.6984,0,1]},
{"frame":51,"values":[0.9846,0.0015,0.1746,0,0,1,-0.0088,0,-0.1746,0.0086,0.9846,0,0,0.6984,0,1]},
{"frame":57,"values":[0.9863,0.0014,0.1648,0,0,1,-0.0088,0,-0.1648,0.0086,0.9863,0,0,0.6984,0,1]},
{"frame":58,"values":[0.9909,0.0012,0.1347,0,0,1,-0.0088,0,-0.1347,0.0087,0.9908,0,0,0.6984,0,1]},
{"frame":59,"values":[0.996,0.0008,0.0892,0,0,1,-0.0088,0,-0.0892,0.0087,0.996,0,0,0.6984,0,1]},
{"frame":60,"values":[0.9992,0.0004,0.0407,0,0,1,-0.0088,0,-0.0407,0.0088,0.9991,0,0,0.6984,0,1]},
{"frame":61,"values":[1,0,0,0,0,1,-0.0088,0,0,0.0088,1,0,0,0.6984,0,1]},
{"frame":62,"values":[0.9992,-0.0004,-0.0407,0,0,1,-0.0088,0,0.0407,0.0088,0.9991,0,0,0.6984,0,1]},
{"frame":63,"values":[0.996,-0.0008,-0.0892,0,0,1,-0.0088,0,0.0892,0.0087,0.996,0,0,0.6984,0,1]},
{"frame":64,"values":[0.9909,-0.0012,-0.1347,0,0,1,-0.0088,0,0.1347,0.0087,0.9908,0,0,0.6984,0,1]},
{"frame":65,"values":[0.9863,-0.0014,-0.1648,0,0,1,-0.0088,0,0.1648,0.0086,0.9863,0,0,0.6984,0,1]},
{"frame":66,"values":[0.9846,-0.0015,-0.1746,0,0,1,-0.0088,0,0.1746,0.0086,0.9846,0,0,0.6984,0,1]},
{"frame":71,"values":[0.9846,-0.0015,-0.1746,0,0,1,-0.0088,0,0.1746,0.0086,0.9846,0,0,0.6984,0,1]},
{"frame":81,"values":[0.9846,-0.0015,-0.1746,0,0,1,-0.0088,0,0.1746,0.0086,0.9846,0,0,0.6984,0,1]},
{"frame":82,"values":[0.9863,-0.0014,-0.1648,0,0,1,-0.0088,0,0.1648,0.0086,0.9863,0,0,0.6984,0,1]},
{"frame":83,"values":[0.9909,-0.0012,-0.1347,0,0,1,-0.0088,0,0.1347,0.0087,0.9908,0,0,0.6984,0,1]},
{"frame":84,"values":[0.996,-0.0008,-0.0892,0,0,1,-0.0088,0,0.0892,0.0087,0.996,0,0,0.6984,0,1]},
{"frame":85,"values":[0.9992,-0.0004,-0.0407,0,0,1,-0.0088,0,0.0407,0.0088,0.9991,0,0,0.6984,0,1]},
{"frame":86,"values":[1,0,0,0,0,1,-0.0088,0,0,0.0088,1,0,0,0.6984,0,1]},
{"frame":87,"values":[0.9992,0.0004,0.0407,0,0,1,-0.0088,0,-0.0407,0.0088,0.9991,0,0,0.6984,0,1]},
{"frame":88,"values":[0.996,0.0008,0.0892,0,0,1,-0.0088,0,-0.0892,0.0087,0.996,0,0,0.6984,0,1]},
{"frame":89,"values":[0.9909,0.0012,0.1347,0,0,1,-0.0088,0,-0.1347,0.0087,0.9908,0,0,0.6984,0,1]},
{"frame":90,"values":[0.9863,0.0014,0.1648,0,0,1,-0.0088,0,-0.1648,0.0086,0.9863,0,0,0.6984,0,1]},
{"frame":91,"values":[0.9846,0.0015,0.1746,0,0,1,-0.0088,0,-0.1746,0.0086,0.9846,0,0,0.6984,0,1]},
{"frame":97,"values":[0.9863,0.0014,0.1648,0,0,1,-0.0088,0,-0.1648,0.0086,0.9863,0,0,0.6984,0,1]},
{"frame":98,"values":[0.9909,0.0012,0.1347,0,0,1,-0.0088,0,-0.1347,0.0087,0.9908,0,0,0.6984,0,1]},
{"frame":99,"values":[0.996,0.0008,0.0892,0,0,1,-0.0088,0,-0.0892,0.0087,0.996,0,0,0.6984,0,1]},
{"frame":100,"values":[0.9992,0.0004,0.0407,0,0,1,-0.0088,0,-0.0407,0.0088,0.9991,0,0,0.6984,0,1]},
{"frame":101,"values":[1,0,0,0,0,1,-0.0088,0,0,0.0088,1,0,0,0.6984,0,1]},
{"frame":102,"values":[0.9992,-0.0004,-0.0407,0,0,1,-0.0088,0,0.0407,0.0088,0.9991,0,0,0.6984,0,1]},
{"frame":103,"values":[0.996,-0.0008,-0.0892,0,0,1,-0.0088,0,0.0892,0.0087,0.996,0,0,0.6984,0,1]},
{"frame":104,"values":[0.9909,-0.0012,-0.1347,0,0,1,-0.0088,0,0.1347,0.0087,0.9908,0,0,0.6984,0,1]},
{"frame":105,"values":[0.9863,-0.0014,-0.1648,0,0,1,-0.0088,0,0.1648,0.0086,0.9863,0,0,0.6984,0,1]},
{"frame":106,"values":[0.9846,-0.0015,-0.1746,0,0,1,-0.0088,0,0.1746,0.0086,0.9846,0,0,0.6984,0,1]},
{"frame":5888,"values":[0.9846,-0.0015,-0.1746,0,0,1,-0.0088,0,0.1746,0.0086,0.9846,0,0,0.6984,0,1]},
{"frame":5901,"values":[0.9846,-0.0015,-0.1746,0,0,1,-0.0088,0,0.1746,0.0086,0.9846,0,0,0.6984,0,1]},
{"frame":5902,"values":[0.9863,-0.0014,-0.1648,0,0,1,-0.0088,0,0.1648,0.0086,0.9863,0,0,0.6984,0,1]},
{"frame":5903,"values":[0.9909,-0.0012,-0.1347,0,0,1,-0.0088,0,0.1347,0.0087,0.9908,0,0,0.6984,0,1]},
{"frame":5904,"values":[0.996,-0.0008,-0.0892,0,0,1,-0.0088,0,0.0892,0.0087,0.996,0,0,0.6984,0,1]},
{"frame":5905,"values":[0.9992,-0.0004,-0.0407,0,0,1,-0.0088,0,0.0407,0.0088,0.9991,0,0,0.6984,0,1]},
{"frame":5906,"values":[1,0,0,0,0,1,-0.0088,0,0,0.0088,1,0,0,0.6984,0,1]},
{"frame":5907,"values":[0.9992,0.0004,0.0407,0,0,1,-0.0088,0,-0.0407,0.0088,0.9991,0,0,0.6984,0,1]},
{"frame":5908,"values":[0.996,0.0008,0.0892,0,0,1,-0.0088,0,-0.0892,0.0087,0.996,0,0,0.6984,0,1]},
{"frame":5909,"values":[0.9909,0.0012,0.1347,0,0,1,-0.0088,0,-0.1347,0.0087,0.9908,0,0,0.6984,0,1]},
{"frame":5910,"values":[0.9863,0.0014,0.1648,0,0,1,-0.0088,0,-0.1648,0.0086,0.9863,0,0,0.6984,0,1]},
{"frame":5911,"values":[0.9846,0.0015,0.1746,0,0,1,-0.0088,0,-0.1746,0.0086,0.9846,0,0,0.6984,0,1]},
{"frame":5917,"values":[0.9863,0.0014,0.1648,0,0,1,-0.0088,0,-0.1648,0.0086,0.9863,0,0,0.6984,0,1]},
{"frame":5918,"values":[0.9909,0.0012,0.1347,0,0,1,-0.0088,0,-0.1347,0.0087,0.9908,0,0,0.6984,0,1]},
{"frame":5919,"values":[0.996,0.0008,0.0892,0,0,1,-0.0088,0,-0.0892,0.0087,0.996,0,0,0.6984,0,1]},
{"frame":5920,"values":[0.9992,0.0004,0.0407,0,0,1,-0.0088,0,-0.0407,0.0088,0.9991,0,0,0.6984,0,1]},
{"frame":5921,"values":[1,0,0,0,0,1,-0.0088,0,0,0.0088,1,0,0,0.6984,0,1]},
{"frame":5922,"values":[0.9992,-0.0004,-0.0407,0,0,1,-0.0088,0,0.0407,0.0088,0.9991,0,0,0.6984,0,1]},
{"frame":5923,"values":[0.996,-0.0008,-0.0892,0,0,1,-0.0088,0,0.0892,0.0087,0.996,0,0,0.6984,0,1]},
{"frame":5924,"values":[0.9909,-0.0012,-0.1347,0,0,1,-0.0088,0,0.1347,0.0087,0.9908,0,0,0.6984,0,1]},
{"frame":5925,"values":[0.9863,-0.0014,-0.1648,0,0,1,-0.0088,0,0.1648,0.0086,0.9863,0,0,0.6984,0,1]},
{"frame":5926,"values":[0.9846,-0.0015,-0.1746,0,0,1,-0.0088,0,0.1746,0.0086,0.9846,0,0,0.6984,0,1]},
{"frame":11708,"values":[0.9846,-0.0015,-0.1746,0,0,1,-0.0088,0,0.1746,0.0086,0.9846,0,0,0.6984,0,1]},
{"frame":11721,"values":[0.9846,-0.0015,-0.1746,0,0,1,-0.0088,0,0.1746,0.0086,0.9846,0,0,0.6984,0,1]},
{"frame":11722,"values":[0.9863,-0.0014,-0.1648,0,0,1,-0.0088,0,0.1648,0.0086,0.9863,0,0,0.6984,0,1]},
{"frame":11723,"values":[0.9909,-0.0012,-0.1347,0,0,1,-0.0088,0,0.1347,0.0087,0.9908,0,0,0.6984,0,1]},
{"frame":11724,"values":[0.996,-0.0008,-0.0892,0,0,1,-0.0088,0,0.0892,0.0087,0.996,0,0,0.6984,0,1]},
{"frame":11725,"values":[0.9992,-0.0004,-0.0407,0,0,1,-0.0088,0,0.0407,0.0088,0.9991,0,0,0.6984,0,1]},
{"frame":11726,"values":[1,0,0,0,0,1,-0.0088,0,0,0.0088,1,0,0,0.6984,0,1]},
{"frame":11727,"values":[0.9992,0.0004,0.0407,0,0,1,-0.0088,0,-0.0407,0.0088,0.9991,0,0,0.6984,0,1]},
{"frame":11728,"values":[0.996,0.0008,0.0892,0,0,1,-0.0088,0,-0.0892,0.0087,0.996,0,0,0.6984,0,1]},
{"frame":11729,"values":[0.9909,0.0012,0.1347,0,0,1,-0.0088,0,-0.1347,0.0087,0.9908,0,0,0.6984,0,1]},
{"frame":11730,"values":[0.9863,0.0014,0.1648,0,0,1,-0.0088,0,-0.1648,0.0086,0.9863,0,0,0.6984,0,1]},
{"frame":11731,"values":[0.9846,0.0015,0.1746,0,0,1,-0.0088,0,-0.1746,0.0086,0.9846,0,0,0.6984,0,1]},
{"frame":11737,"values":[0.9863,0.0014,0.1648,0,0,1,-0.0088,0,-0.1648,0.0086,0.9863,0,0,0.6984,0,1]},
{"frame":11738,"values":[0.9909,0.0012,0.1347,0,0,1,-0.0088,0,-0.1347,0.0087,0.9908,0,0,0.6984,0,1]},
{"frame":11739,"values":[0.996,0.0008,0.0892,0,0,1,-0.0088,0,-0.0892,0.0087,0.996,0,0,0.6984,0,1]},
{"frame":11740,"values":[0.9992,0.0004,0.0407,0,0,1,-0.0088,0,-0.0407,0.0088,0.9991,0,0,0.6984,0,1]},
{"frame":11741,"values":[1,0,0,0,0,1,-0.0088,0,0,0.0088,1,0,0,0.6984,0,1]},
{"frame":11742,"values":[0.9992,-0.0004,-0.0407,0,0,1,-0.0088,0,0.0407,0.0088,0.9991,0,0,0.6984,0,1]},
{"frame":11743,"values":[0.996,-0.0008,-0.0892,0,0,1,-0.0088,0,0.0892,0.0087,0.996,0,0,0.6984,0,1]},
{"frame":11744,"values":[0.9909,-0.0012,-0.1347,0,0,1,-0.0088,0,0.1347,0.0087,0.9908,0,0,0.6984,0,1]},
{"frame":11745,"values":[0.9863,-0.0014,-0.1648,0,0,1,-0.0088,0,0.1648,0.0086,0.9863,0,0,0.6984,0,1]},
{"frame":11746,"values":[0.9846,-0.0015,-0.1746,0,0,1,-0.0088,0,0.1746,0.0086,0.9846,0,0,0.6984,0,1]},
{"frame":17528,"values":[0.9846,-0.0015,-0.1746,0,0,1,-0.0088,0,0.1746,0.0086,0.9846,0,0,0.6984,0,1]},
{"frame":17541,"values":[0.9846,-0.0015,-0.1746,0,0,1,-0.0088,0,0.1746,0.0086,0.9846,0,0,0.6984,0,1]},
{"frame":17542,"values":[0.9863,-0.0014,-0.1648,0,0,1,-0.0088,0,0.1648,0.0086,0.9863,0,0,0.6984,0,1]},
{"frame":17543,"values":[0.9909,-0.0012,-0.1347,0,0,1,-0.0088,0,0.1347,0.0087,0.9908,0,0,0.6984,0,1]},
{"frame":17544,"values":[0.996,-0.0008,-0.0892,0,0,1,-0.0088,0,0.0892,0.0087,0.996,0,0,0.6984,0,1]},
{"frame":17545,"values":[0.9992,-0.0004,-0.0407,0,0,1,-0.0088,0,0.0407,0.0088,0.9991,0,0,0.6984,0,1]},
{"frame":17546,"values":[1,0,0,0,0,1,-0.0088,0,0,0.0088,1,0,0,0.6984,0,1]},
{"frame":17547,"values":[0.9992,0.0004,0.0407,0,0,1,-0.0088,0,-0.0407,0.0088,0.9991,0,0,0.6984,0,1]},
{"frame":17548,"values":[0.996,0.0008,0.0892,0,0,1,-0.0088,0,-0.0892,0.0087,0.996,0,0,0.6984,0,1]},
{"frame":17549,"values":[0.9909,0.0012,0.1347,0,0,1,-0.0088,0,-0.1347,0.0087,0.9908,0,0,0.6984,0,1]},
{"frame":17550,"values":[0.9863,0.0014,0.1648,0,0,1,-0.0088,0,-0.1648,0.0086,0.9863,0,0,0.6984,0,1]},
{"frame":17551,"values":[0.9846,0.0015,0.1746,0,0,1,-0.0088,0,-0.1746,0.0086,0.9846,0,0,0.6984,0,1]},
{"frame":17557,"values":[0.9863,0.0014,0.1648,0,0,1,-0.0088,0,-0.1648,0.0086,0.9863,0,0,0.6984,0,1]},
{"frame":17558,"values":[0.9909,0.0012,0.1347,0,0,1,-0.0088,0,-0.1347,0.0087,0.9908,0,0,0.6984,0,1]},
{"frame":17559,"values":[0.996,0.0008,0.0892,0,0,1,-0.0088,0,-0.0892,0.0087,0.996,0,0,0.6984,0,1]},
{"frame":17560,"values":[0.9992,0.0004,0.0407,0,0,1,-0.0088,0,-0.0407,0.0088,0.9991,0,0,0.6984,0,1]},
{"frame":17561,"values":[1,0,0,0,0,1,-0.0088,0,0,0.0088,1,0,0,0.6984,0,1]},
{"frame":17562,"values":[0.9992,-0.0004,-0.0407,0,0,1,-0.0088,0,0.0407,0.0088,0.9991,0,0,0.6984,0,1]},
{"frame":17563,"values":[0.996,-0.0008,-0.0892,0,0,1,-0.0088,0,0.0892,0.0087,0.996,0,0,0.6984,0,1]},
{"frame":17564,"values":[0.9909,-0.0012,-0.1347,0,0,1,-0.0088,0,0.1347,0.0087,0.9908,0,0,0.6984,0,1]},
{"frame":17565,"values":[0.9863,-0.0014,-0.1648,0,0,1,-0.0088,0,0.1648,0.0086,0.9863,0,0,0.6984,0,1]},
{"frame":17566,"values":[0.9846,-0.0015,-0.1746,0,0,1,-0.0088,0,0.1746,0.0086,0.9846,0,0,0.6984,0,1]},
{"frame":23348,"values":[0.9846,-0.0015,-0.1746,0,0,1,-0.0088,0,0.1746,0.0086,0.9846,0,0,0.6984,0,1]}],"loopBehavior":1,"name":"anim","property":"_matrix"}},
{"name":"Neck","index":2,"matrix":[-1,0,0,0,0,1,0.0064,0,0,0.0064,-1,0,0,0.6479,0.0164,1],"rest":[-1,0,0,0,0,1,0.0064,0,0,0.0064,-1,0,0,0.6479,0.0164,1],"parentBoneIndex":1,"length":0.3916
,"animation":{"dataType":3,"framePerSecond":24,"keys":[
{"frame":1,"values":[-1,0,0,0,0,1,0.0064,0,0,0.0064,-1,0,0,0.6479,0.0164,1]},
{"frame":31,"values":[-1,0,0,0,0,1,0.0064,0,0,0.0064,-1,0,0,0.6479,0.0164,1]},
{"frame":41,"values":[-1,0,0,0,0,1,0.0064,0,0,0.0064,-1,0,0,0.6479,0.0164,1]},
{"frame":71,"values":[-1,0,0,0,0,1,0.0064,0,0,0.0064,-1,0,0,0.6479,0.0164,1]},
{"frame":81,"values":[-1,0,0,0,0,1,0.0064,0,0,0.0064,-1,0,0,0.6479,0.0164,1]},
{"frame":5888,"values":[-1,0,0,0,0,1,0.0064,0,0,0.0064,-1,0,0,0.6479,0.0164,1]},
{"frame":5901,"values":[-1,0,0,0,0,1,0.0064,0,0,0.0064,-1,0,0,0.6479,0.0164,1]},
{"frame":11708,"values":[-1,0,0,0,0,1,0.0064,0,0,0.0064,-1,0,0,0.6479,0.0164,1]},
{"frame":11721,"values":[-1,0,0,0,0,1,0.0064,0,0,0.0064,-1,0,0,0.6479,0.0164,1]},
{"frame":17528,"values":[-1,0,0,0,0,1,0.0064,0,0,0.0064,-1,0,0,0.6479,0.0164,1]},
{"frame":17541,"values":[-1,0,0,0,0,1,0.0064,0,0,0.0064,-1,0,0,0.6479,0.0164,1]},
{"frame":23348,"values":[-1,0,0,0,0,1,0.0064,0,0,0.0064,-1,0,0,0.6479,0.0164,1]}],"loopBehavior":1,"name":"anim","property":"_matrix"}},
{"name":"head","index":3,"matrix":[-0.9846,0.0011,-0.1746,0,0.0056,0.9997,-0.0253,0,0.1746,-0.0259,-0.9843,0,0,1.4337,0.0276,1],"rest":[-1,0,0,0,0,0.9997,-0.0258,0,0,-0.0258,-0.9997,0,0,1.4337,0.0276,1],"parentBoneIndex":2,"length":0.6587
,"animation":{"dataType":3,"framePerSecond":24,"keys":[
{"frame":1,"values":[-0.9846,0.0011,-0.1746,0,0.0056,0.9997,-0.0253,0,0.1746,-0.0259,-0.9843,0,0,1.4337,0.0276,1]},
{"frame":2,"values":[-0.9863,0.0011,-0.1648,0,0.0053,0.9997,-0.0253,0,0.1648,-0.0259,-0.986,0,0,1.4337,0.0276,1]},
{"frame":3,"values":[-0.9909,0.0009,-0.1347,0,0.0043,0.9997,-0.0255,0,0.1346,-0.0258,-0.9906,0,0,1.4337,0.0276,1]},
{"frame":4,"values":[-0.996,0.0006,-0.0892,0,0.0029,0.9997,-0.0257,0,0.0891,-0.0258,-0.9957,0,0,1.4337,0.0276,1]},
{"frame":5,"values":[-0.9992,0.0003,-0.0407,0,0.0013,0.9997,-0.0258,0,0.0407,-0.0258,-0.9988,0,0,1.4337,0.0276,1]},
{"frame":6,"values":[-1,0,0,0,0,0.9997,-0.0258,0,0,-0.0258,-0.9997,0,0,1.4337,0.0276,1]},
{"frame":7,"values":[-0.9992,-0.0003,0.0407,0,-0.0013,0.9997,-0.0258,0,-0.0407,-0.0258,-0.9988,0,0,1.4337,0.0276,1]},
{"frame":8,"values":[-0.996,-0.0006,0.0892,0,-0.0029,0.9997,-0.0257,0,-0.0891,-0.0258,-0.9957,0,0,1.4337,0.0276,1]},
{"frame":9,"values":[-0.9909,-0.0009,0.1347,0,-0.0043,0.9997,-0.0255,0,-0.1346,-0.0258,-0.9906,0,0,1.4337,0.0276,1]},
{"frame":10,"values":[-0.9863,-0.0011,0.1648,0,-0.0053,0.9997,-0.0253,0,-0.1648,-0.0259,-0.986,0,0,1.4337,0.0276,1]},
{"frame":11,"values":[-0.9846,-0.0011,0.1746,0,-0.0056,0.9997,-0.0253,0,-0.1746,-0.0259,-0.9843,0,0,1.4337,0.0276,1]},
{"frame":17,"values":[-0.9863,-0.0011,0.1648,0,-0.0053,0.9997,-0.0253,0,-0.1648,-0.0259,-0.986,0,0,1.4337,0.0276,1]},
{"frame":18,"values":[-0.9909,-0.0009,0.1347,0,-0.0043,0.9997,-0.0255,0,-0.1346,-0.0258,-0.9906,0,0,1.4337,0.0276,1]},
{"frame":19,"values":[-0.996,-0.0006,0.0892,0,-0.0029,0.9997,-0.0257,0,-0.0891,-0.0258,-0.9957,0,0,1.4337,0.0276,1]},
{"frame":20,"values":[-0.9992,-0.0003,0.0407,0,-0.0013,0.9997,-0.0258,0,-0.0407,-0.0258,-0.9988,0,0,1.4337,0.0276,1]},
{"frame":21,"values":[-1,0,0,0,0,0.9997,-0.0258,0,0,-0.0258,-0.9997,0,0,1.4337,0.0276,1]},
{"frame":22,"values":[-0.9992,0.0003,-0.0407,0,0.0013,0.9997,-0.0258,0,0.0407,-0.0258,-0.9988,0,0,1.4337,0.0276,1]},
{"frame":23,"values":[-0.996,0.0006,-0.0892,0,0.0029,0.9997,-0.0257,0,0.0891,-0.0258,-0.9957,0,0,1.4337,0.0276,1]},
{"frame":24,"values":[-0.9909,0.0009,-0.1347,0,0.0043,0.9997,-0.0255,0,0.1346,-0.0258,-0.9906,0,0,1.4337,0.0276,1]},
{"frame":25,"values":[-0.9863,0.0011,-0.1648,0,0.0053,0.9997,-0.0253,0,0.1648,-0.0259,-0.986,0,0,1.4337,0.0276,1]},
{"frame":26,"values":[-0.9846,0.0011,-0.1746,0,0.0056,0.9997,-0.0253,0,0.1746,-0.0259,-0.9843,0,0,1.4337,0.0276,1]},
{"frame":31,"values":[-0.9846,0.0011,-0.1746,0,0.0056,0.9997,-0.0253,0,0.1746,-0.0259,-0.9843,0,0,1.4337,0.0276,1]},
{"frame":41,"values":[-0.9846,0.0011,-0.1746,0,0.0056,0.9997,-0.0253,0,0.1746,-0.0259,-0.9843,0,0,1.4337,0.0276,1]},
{"frame":42,"values":[-0.9863,0.0011,-0.1648,0,0.0053,0.9997,-0.0253,0,0.1648,-0.0259,-0.986,0,0,1.4337,0.0276,1]},
{"frame":43,"values":[-0.9909,0.0009,-0.1347,0,0.0043,0.9997,-0.0255,0,0.1346,-0.0258,-0.9906,0,0,1.4337,0.0276,1]},
{"frame":44,"values":[-0.996,0.0006,-0.0892,0,0.0029,0.9997,-0.0257,0,0.0891,-0.0258,-0.9957,0,0,1.4337,0.0276,1]},
{"frame":45,"values":[-0.9992,0.0003,-0.0407,0,0.0013,0.9997,-0.0258,0,0.0407,-0.0258,-0.9988,0,0,1.4337,0.0276,1]},
{"frame":46,"values":[-1,0,0,0,0,0.9997,-0.0258,0,0,-0.0258,-0.9997,0,0,1.4337,0.0276,1]},
{"frame":47,"values":[-0.9992,-0.0003,0.0407,0,-0.0013,0.9997,-0.0258,0,-0.0407,-0.0258,-0.9988,0,0,1.4337,0.0276,1]},
{"frame":48,"values":[-0.996,-0.0006,0.0892,0,-0.0029,0.9997,-0.0257,0,-0.0891,-0.0258,-0.9957,0,0,1.4337,0.0276,1]},
{"frame":49,"values":[-0.9909,-0.0009,0.1347,0,-0.0043,0.9997,-0.0255,0,-0.1346,-0.0258,-0.9906,0,0,1.4337,0.0276,1]},
{"frame":50,"values":[-0.9863,-0.0011,0.1648,0,-0.0053,0.9997,-0.0253,0,-0.1648,-0.0259,-0.986,0,0,1.4337,0.0276,1]},
{"frame":51,"values":[-0.9846,-0.0011,0.1746,0,-0.0056,0.9997,-0.0253,0,-0.1746,-0.0259,-0.9843,0,0,1.4337,0.0276,1]},
{"frame":57,"values":[-0.9863,-0.0011,0.1648,0,-0.0053,0.9997,-0.0253,0,-0.1648,-0.0259,-0.986,0,0,1.4337,0.0276,1]},
{"frame":58,"values":[-0.9909,-0.0009,0.1347,0,-0.0043,0.9997,-0.0255,0,-0.1346,-0.0258,-0.9906,0,0,1.4337,0.0276,1]},
{"frame":59,"values":[-0.996,-0.0006,0.0892,0,-0.0029,0.9997,-0.0257,0,-0.0891,-0.0258,-0.9957,0,0,1.4337,0.0276,1]},
{"frame":60,"values":[-0.9992,-0.0003,0.0407,0,-0.0013,0.9997,-0.0258,0,-0.0407,-0.0258,-0.9988,0,0,1.4337,0.0276,1]},
{"frame":61,"values":[-1,0,0,0,0,0.9997,-0.0258,0,0,-0.0258,-0.9997,0,0,1.4337,0.0276,1]},
{"frame":62,"values":[-0.9992,0.0003,-0.0407,0,0.0013,0.9997,-0.0258,0,0.0407,-0.0258,-0.9988,0,0,1.4337,0.0276,1]},
{"frame":63,"values":[-0.996,0.0006,-0.0892,0,0.0029,0.9997,-0.0257,0,0.0891,-0.0258,-0.9957,0,0,1.4337,0.0276,1]},
{"frame":64,"values":[-0.9909,0.0009,-0.1347,0,0.0043,0.9997,-0.0255,0,0.1346,-0.0258,-0.9906,0,0,1.4337,0.0276,1]},
{"frame":65,"values":[-0.9863,0.0011,-0.1648,0,0.0053,0.9997,-0.0253,0,0.1648,-0.0259,-0.986,0,0,1.4337,0.0276,1]},
{"frame":66,"values":[-0.9846,0.0011,-0.1746,0,0.0056,0.9997,-0.0253,0,0.1746,-0.0259,-0.9843,0,0,1.4337,0.0276,1]},
{"frame":71,"values":[-0.9846,0.0011,-0.1746,0,0.0056,0.9997,-0.0253,0,0.1746,-0.0259,-0.9843,0,0,1.4337,0.0276,1]},
{"frame":81,"values":[-0.9846,0.0011,-0.1746,0,0.0056,0.9997,-0.0253,0,0.1746,-0.0259,-0.9843,0,0,1.4337,0.0276,1]},
{"frame":82,"values":[-0.9863,0.0011,-0.1648,0,0.0053,0.9997,-0.0253,0,0.1648,-0.0259,-0.986,0,0,1.4337,0.0276,1]},
{"frame":83,"values":[-0.9909,0.0009,-0.1347,0,0.0043,0.9997,-0.0255,0,0.1346,-0.0258,-0.9906,0,0,1.4337,0.0276,1]},
{"frame":84,"values":[-0.996,0.0006,-0.0892,0,0.0029,0.9997,-0.0257,0,0.0891,-0.0258,-0.9957,0,0,1.4337,0.0276,1]},
{"frame":85,"values":[-0.9992,0.0003,-0.0407,0,0.0013,0.9997,-0.0258,0,0.0407,-0.0258,-0.9988,0,0,1.4337,0.0276,1]},
{"frame":86,"values":[-1,0,0,0,0,0.9997,-0.0258,0,0,-0.0258,-0.9997,0,0,1.4337,0.0276,1]},
{"frame":87,"values":[-0.9992,-0.0003,0.0407,0,-0.0013,0.9997,-0.0258,0,-0.0407,-0.0258,-0.9988,0,0,1.4337,0.0276,1]},
{"frame":88,"values":[-0.996,-0.0006,0.0892,0,-0.0029,0.9997,-0.0257,0,-0.0891,-0.0258,-0.9957,0,0,1.4337,0.0276,1]},
{"frame":89,"values":[-0.9909,-0.0009,0.1347,0,-0.0043,0.9997,-0.0255,0,-0.1346,-0.0258,-0.9906,0,0,1.4337,0.0276,1]},
{"frame":90,"values":[-0.9863,-0.0011,0.1648,0,-0.0053,0.9997,-0.0253,0,-0.1648,-0.0259,-0.986,0,0,1.4337,0.0276,1]},
{"frame":91,"values":[-0.9846,-0.0011,0.1746,0,-0.0056,0.9997,-0.0253,0,-0.1746,-0.0259,-0.9843,0,0,1.4337,0.0276,1]},
{"frame":97,"values":[-0.9863,-0.0011,0.1648,0,-0.0053,0.9997,-0.0253,0,-0.1648,-0.0259,-0.986,0,0,1.4337,0.0276,1]},
{"frame":98,"values":[-0.9909,-0.0009,0.1347,0,-0.0043,0.9997,-0.0255,0,-0.1346,-0.0258,-0.9906,0,0,1.4337,0.0276,1]},
{"frame":99,"values":[-0.996,-0.0006,0.0892,0,-0.0029,0.9997,-0.0257,0,-0.0891,-0.0258,-0.9957,0,0,1.4337,0.0276,1]},
{"frame":100,"values":[-0.9992,-0.0003,0.0407,0,-0.0013,0.9997,-0.0258,0,-0.0407,-0.0258,-0.9988,0,0,1.4337,0.0276,1]},
{"frame":101,"values":[-1,0,0,0,0,0.9997,-0.0258,0,0,-0.0258,-0.9997,0,0,1.4337,0.0276,1]},
{"frame":102,"values":[-0.9992,0.0003,-0.0407,0,0.0013,0.9997,-0.0258,0,0.0407,-0.0258,-0.9988,0,0,1.4337,0.0276,1]},
{"frame":103,"values":[-0.996,0.0006,-0.0892,0,0.0029,0.9997,-0.0257,0,0.0891,-0.0258,-0.9957,0,0,1.4337,0.0276,1]},
{"frame":104,"values":[-0.9909,0.0009,-0.1347,0,0.0043,0.9997,-0.0255,0,0.1346,-0.0258,-0.9906,0,0,1.4337,0.0276,1]},
{"frame":105,"values":[-0.9863,0.0011,-0.1648,0,0.0053,0.9997,-0.0253,0,0.1648,-0.0259,-0.986,0,0,1.4337,0.0276,1]},
{"frame":106,"values":[-0.9846,0.0011,-0.1746,0,0.0056,0.9997,-0.0253,0,0.1746,-0.0259,-0.9843,0,0,1.4337,0.0276,1]},
{"frame":5888,"values":[-0.9846,0.0011,-0.1746,0,0.0056,0.9997,-0.0253,0,0.1746,-0.0259,-0.9843,0,0,1.4337,0.0276,1]},
{"frame":5901,"values":[-0.9846,0.0011,-0.1746,0,0.0056,0.9997,-0.0253,0,0.1746,-0.0259,-0.9843,0,0,1.4337,0.0276,1]},
{"frame":5902,"values":[-0.9863,0.0011,-0.1648,0,0.0053,0.9997,-0.0253,0,0.1648,-0.0259,-0.986,0,0,1.4337,0.0276,1]},
{"frame":5903,"values":[-0.9909,0.0009,-0.1347,0,0.0043,0.9997,-0.0255,0,0.1346,-0.0258,-0.9906,0,0,1.4337,0.0276,1]},
{"frame":5904,"values":[-0.996,0.0006,-0.0892,0,0.0029,0.9997,-0.0257,0,0.0891,-0.0258,-0.9957,0,0,1.4337,0.0276,1]},
{"frame":5905,"values":[-0.9992,0.0003,-0.0407,0,0.0013,0.9997,-0.0258,0,0.0407,-0.0258,-0.9988,0,0,1.4337,0.0276,1]},
{"frame":5906,"values":[-1,0,0,0,0,0.9997,-0.0258,0,0,-0.0258,-0.9997,0,0,1.4337,0.0276,1]},
{"frame":5907,"values":[-0.9992,-0.0003,0.0407,0,-0.0013,0.9997,-0.0258,0,-0.0407,-0.0258,-0.9988,0,0,1.4337,0.0276,1]},
{"frame":5908,"values":[-0.996,-0.0006,0.0892,0,-0.0029,0.9997,-0.0257,0,-0.0891,-0.0258,-0.9957,0,0,1.4337,0.0276,1]},
{"frame":5909,"values":[-0.9909,-0.0009,0.1347,0,-0.0043,0.9997,-0.0255,0,-0.1346,-0.0258,-0.9906,0,0,1.4337,0.0276,1]},
{"frame":5910,"values":[-0.9863,-0.0011,0.1648,0,-0.0053,0.9997,-0.0253,0,-0.1648,-0.0259,-0.986,0,0,1.4337,0.0276,1]},
{"frame":5911,"values":[-0.9846,-0.0011,0.1746,0,-0.0056,0.9997,-0.0253,0,-0.1746,-0.0259,-0.9843,0,0,1.4337,0.0276,1]},
{"frame":5917,"values":[-0.9863,-0.0011,0.1648,0,-0.0053,0.9997,-0.0253,0,-0.1648,-0.0259,-0.986,0,0,1.4337,0.0276,1]},
{"frame":5918,"values":[-0.9909,-0.0009,0.1347,0,-0.0043,0.9997,-0.0255,0,-0.1346,-0.0258,-0.9906,0,0,1.4337,0.0276,1]},
{"frame":5919,"values":[-0.996,-0.0006,0.0892,0,-0.0029,0.9997,-0.0257,0,-0.0891,-0.0258,-0.9957,0,0,1.4337,0.0276,1]},
{"frame":5920,"values":[-0.9992,-0.0003,0.0407,0,-0.0013,0.9997,-0.0258,0,-0.0407,-0.0258,-0.9988,0,0,1.4337,0.0276,1]},
{"frame":5921,"values":[-1,0,0,0,0,0.9997,-0.0258,0,0,-0.0258,-0.9997,0,0,1.4337,0.0276,1]},
{"frame":5922,"values":[-0.9992,0.0003,-0.0407,0,0.0013,0.9997,-0.0258,0,0.0407,-0.0258,-0.9988,0,0,1.4337,0.0276,1]},
{"frame":5923,"values":[-0.996,0.0006,-0.0892,0,0.0029,0.9997,-0.0257,0,0.0891,-0.0258,-0.9957,0,0,1.4337,0.0276,1]},
{"frame":5924,"values":[-0.9909,0.0009,-0.1347,0,0.0043,0.9997,-0.0255,0,0.1346,-0.0258,-0.9906,0,0,1.4337,0.0276,1]},
{"frame":5925,"values":[-0.9863,0.0011,-0.1648,0,0.0053,0.9997,-0.0253,0,0.1648,-0.0259,-0.986,0,0,1.4337,0.0276,1]},
{"frame":5926,"values":[-0.9846,0.0011,-0.1746,0,0.0056,0.9997,-0.0253,0,0.1746,-0.0259,-0.9843,0,0,1.4337,0.0276,1]},
{"frame":11708,"values":[-0.9846,0.0011,-0.1746,0,0.0056,0.9997,-0.0253,0,0.1746,-0.0259,-0.9843,0,0,1.4337,0.0276,1]},
{"frame":11721,"values":[-0.9846,0.0011,-0.1746,0,0.0056,0.9997,-0.0253,0,0.1746,-0.0259,-0.9843,0,0,1.4337,0.0276,1]},
{"frame":11722,"values":[-0.9863,0.0011,-0.1648,0,0.0053,0.9997,-0.0253,0,0.1648,-0.0259,-0.986,0,0,1.4337,0.0276,1]},
{"frame":11723,"values":[-0.9909,0.0009,-0.1347,0,0.0043,0.9997,-0.0255,0,0.1346,-0.0258,-0.9906,0,0,1.4337,0.0276,1]},
{"frame":11724,"values":[-0.996,0.0006,-0.0892,0,0.0029,0.9997,-0.0257,0,0.0891,-0.0258,-0.9957,0,0,1.4337,0.0276,1]},
{"frame":11725,"values":[-0.9992,0.0003,-0.0407,0,0.0013,0.9997,-0.0258,0,0.0407,-0.0258,-0.9988,0,0,1.4337,0.0276,1]},
{"frame":11726,"values":[-1,0,0,0,0,0.9997,-0.0258,0,0,-0.0258,-0.9997,0,0,1.4337,0.0276,1]},
{"frame":11727,"values":[-0.9992,-0.0003,0.0407,0,-0.0013,0.9997,-0.0258,0,-0.0407,-0.0258,-0.9988,0,0,1.4337,0.0276,1]},
{"frame":11728,"values":[-0.996,-0.0006,0.0892,0,-0.0029,0.9997,-0.0257,0,-0.0891,-0.0258,-0.9957,0,0,1.4337,0.0276,1]},
{"frame":11729,"values":[-0.9909,-0.0009,0.1347,0,-0.0043,0.9997,-0.0255,0,-0.1346,-0.0258,-0.9906,0,0,1.4337,0.0276,1]},
{"frame":11730,"values":[-0.9863,-0.0011,0.1648,0,-0.0053,0.9997,-0.0253,0,-0.1648,-0.0259,-0.986,0,0,1.4337,0.0276,1]},
{"frame":11731,"values":[-0.9846,-0.0011,0.1746,0,-0.0056,0.9997,-0.0253,0,-0.1746,-0.0259,-0.9843,0,0,1.4337,0.0276,1]},
{"frame":11737,"values":[-0.9863,-0.0011,0.1648,0,-0.0053,0.9997,-0.0253,0,-0.1648,-0.0259,-0.986,0,0,1.4337,0.0276,1]},
{"frame":11738,"values":[-0.9909,-0.0009,0.1347,0,-0.0043,0.9997,-0.0255,0,-0.1346,-0.0258,-0.9906,0,0,1.4337,0.0276,1]},
{"frame":11739,"values":[-0.996,-0.0006,0.0892,0,-0.0029,0.9997,-0.0257,0,-0.0891,-0.0258,-0.9957,0,0,1.4337,0.0276,1]},
{"frame":11740,"values":[-0.9992,-0.0003,0.0407,0,-0.0013,0.9997,-0.0258,0,-0.0407,-0.0258,-0.9988,0,0,1.4337,0.0276,1]},
{"frame":11741,"values":[-1,0,0,0,0,0.9997,-0.0258,0,0,-0.0258,-0.9997,0,0,1.4337,0.0276,1]},
{"frame":11742,"values":[-0.9992,0.0003,-0.0407,0,0.0013,0.9997,-0.0258,0,0.0407,-0.0258,-0.9988,0,0,1.4337,0.0276,1]},
{"frame":11743,"values":[-0.996,0.0006,-0.0892,0,0.0029,0.9997,-0.0257,0,0.0891,-0.0258,-0.9957,0,0,1.4337,0.0276,1]},
{"frame":11744,"values":[-0.9909,0.0009,-0.1347,0,0.0043,0.9997,-0.0255,0,0.1346,-0.0258,-0.9906,0,0,1.4337,0.0276,1]},
{"frame":11745,"values":[-0.9863,0.0011,-0.1648,0,0.0053,0.9997,-0.0253,0,0.1648,-0.0259,-0.986,0,0,1.4337,0.0276,1]},
{"frame":11746,"values":[-0.9846,0.0011,-0.1746,0,0.0056,0.9997,-0.0253,0,0.1746,-0.0259,-0.9843,0,0,1.4337,0.0276,1]},
{"frame":17528,"values":[-0.9846,0.0011,-0.1746,0,0.0056,0.9997,-0.0253,0,0.1746,-0.0259,-0.9843,0,0,1.4337,0.0276,1]},
{"frame":17541,"values":[-0.9846,0.0011,-0.1746,0,0.0056,0.9997,-0.0253,0,0.1746,-0.0259,-0.9843,0,0,1.4337,0.0276,1]},
{"frame":17542,"values":[-0.9863,0.0011,-0.1648,0,0.0053,0.9997,-0.0253,0,0.1648,-0.0259,-0.986,0,0,1.4337,0.0276,1]},
{"frame":17543,"values":[-0.9909,0.0009,-0.1347,0,0.0043,0.9997,-0.0255,0,0.1346,-0.0258,-0.9906,0,0,1.4337,0.0276,1]},
{"frame":17544,"values":[-0.996,0.0006,-0.0892,0,0.0029,0.9997,-0.0257,0,0.0891,-0.0258,-0.9957,0,0,1.4337,0.0276,1]},
{"frame":17545,"values":[-0.9992,0.0003,-0.0407,0,0.0013,0.9997,-0.0258,0,0.0407,-0.0258,-0.9988,0,0,1.4337,0.0276,1]},
{"frame":17546,"values":[-1,0,0,0,0,0.9997,-0.0258,0,0,-0.0258,-0.9997,0,0,1.4337,0.0276,1]},
{"frame":17547,"values":[-0.9992,-0.0003,0.0407,0,-0.0013,0.9997,-0.0258,0,-0.0407,-0.0258,-0.9988,0,0,1.4337,0.0276,1]},
{"frame":17548,"values":[-0.996,-0.0006,0.0892,0,-0.0029,0.9997,-0.0257,0,-0.0891,-0.0258,-0.9957,0,0,1.4337,0.0276,1]},
{"frame":17549,"values":[-0.9909,-0.0009,0.1347,0,-0.0043,0.9997,-0.0255,0,-0.1346,-0.0258,-0.9906,0,0,1.4337,0.0276,1]},
{"frame":17550,"values":[-0.9863,-0.0011,0.1648,0,-0.0053,0.9997,-0.0253,0,-0.1648,-0.0259,-0.986,0,0,1.4337,0.0276,1]},
{"frame":17551,"values":[-0.9846,-0.0011,0.1746,0,-0.0056,0.9997,-0.0253,0,-0.1746,-0.0259,-0.9843,0,0,1.4337,0.0276,1]},
{"frame":17557,"values":[-0.9863,-0.0011,0.1648,0,-0.0053,0.9997,-0.0253,0,-0.1648,-0.0259,-0.986,0,0,1.4337,0.0276,1]},
{"frame":17558,"values":[-0.9909,-0.0009,0.1347,0,-0.0043,0.9997,-0.0255,0,-0.1346,-0.0258,-0.9906,0,0,1.4337,0.0276,1]},
{"frame":17559,"values":[-0.996,-0.0006,0.0892,0,-0.0029,0.9997,-0.0257,0,-0.0891,-0.0258,-0.9957,0,0,1.4337,0.0276,1]},
{"frame":17560,"values":[-0.9992,-0.0003,0.0407,0,-0.0013,0.9997,-0.0258,0,-0.0407,-0.0258,-0.9988,0,0,1.4337,0.0276,1]},
{"frame":17561,"values":[-1,0,0,0,0,0.9997,-0.0258,0,0,-0.0258,-0.9997,0,0,1.4337,0.0276,1]},
{"frame":17562,"values":[-0.9992,0.0003,-0.0407,0,0.0013,0.9997,-0.0258,0,0.0407,-0.0258,-0.9988,0,0,1.4337,0.0276,1]},
{"frame":17563,"values":[-0.996,0.0006,-0.0892,0,0.0029,0.9997,-0.0257,0,0.0891,-0.0258,-0.9957,0,0,1.4337,0.0276,1]},
{"frame":17564,"values":[-0.9909,0.0009,-0.1347,0,0.0043,0.9997,-0.0255,0,0.1346,-0.0258,-0.9906,0,0,1.4337,0.0276,1]},
{"frame":17565,"values":[-0.9863,0.0011,-0.1648,0,0.0053,0.9997,-0.0253,0,0.1648,-0.0259,-0.986,0,0,1.4337,0.0276,1]},
{"frame":17566,"values":[-0.9846,0.0011,-0.1746,0,0.0056,0.9997,-0.0253,0,0.1746,-0.0259,-0.9843,0,0,1.4337,0.0276,1]},
{"frame":23348,"values":[-0.9846,0.0011,-0.1746,0,0.0056,0.9997,-0.0253,0,0.1746,-0.0259,-0.9843,0,0,1.4337,0.0276,1]}],"loopBehavior":1,"name":"anim","property":"_matrix"}},
{"name":"Eyelid Top. L","index":4,"matrix":[1,0,0,0,0,0.8147,0.5798,0,0,-0.5798,0.8147,0,0.4408,0.1954,0.6496,1],"rest":[1,0,0,0,0,0.4578,0.889,0,0,-0.889,0.4578,0,0.4408,0.1954,0.6496,1],"parentBoneIndex":3,"length":0.2355
,"animation":{"dataType":3,"framePerSecond":24,"keys":[
{"frame":1,"values":[1,0,0,0,0,0.8147,0.5798,0,0,-0.5798,0.8147,0,0.4408,0.1954,0.6496,1]},
{"frame":31,"values":[1,0,0,0,0,0.8147,0.5798,0,0,-0.5798,0.8147,0,0.4408,0.1954,0.6496,1]},
{"frame":41,"values":[1,0,0,0,0,0.8147,0.5798,0,0,-0.5798,0.8147,0,0.4408,0.1954,0.6496,1]},
{"frame":71,"values":[1,0,0,0,0,0.8147,0.5798,0,0,-0.5798,0.8147,0,0.4408,0.1954,0.6496,1]},
{"frame":81,"values":[1,0,0,0,0,0.8147,0.5798,0,0,-0.5798,0.8147,0,0.4408,0.1954,0.6496,1]},
{"frame":5888,"values":[1,0,0,0,0,0.8147,0.5798,0,0,-0.5798,0.8147,0,0.4408,0.1954,0.6496,1]},
{"frame":5901,"values":[1,0,0,0,0,0.8147,0.5798,0,0,-0.5798,0.8147,0,0.4408,0.1954,0.6496,1]},
{"frame":11708,"values":[1,0,0,0,0,0.8147,0.5798,0,0,-0.5798,0.8147,0,0.4408,0.1954,0.6496,1]},
{"frame":11721,"values":[1,0,0,0,0,0.8147,0.5798,0,0,-0.5798,0.8147,0,0.4408,0.1954,0.6496,1]},
{"frame":17528,"values":[1,0,0,0,0,0.8147,0.5798,0,0,-0.5798,0.8147,0,0.4408,0.1954,0.6496,1]},
{"frame":17541,"values":[1,0,0,0,0,0.8147,0.5798,0,0,-0.5798,0.8147,0,0.4408,0.1954,0.6496,1]},
{"frame":23348,"values":[1,0,0,0,0,0.8147,0.5798,0,0,-0.5798,0.8147,0,0.4408,0.1954,0.6496,1]}],"loopBehavior":1,"name":"anim","property":"_matrix"}},
{"name":"Eyelid Bottom. L","index":5,"matrix":[1,0,0,0,0,-0.6483,0.7614,0,0,-0.7614,-0.6483,0,0.4408,0.1954,0.6496,1],"rest":[1,0,0,0,0,-0.6483,0.7614,0,0,-0.7614,-0.6483,0,0.4408,0.1954,0.6496,1],"parentBoneIndex":3,"length":0.2353
,"animation":{"dataType":3,"framePerSecond":24,"keys":[
{"frame":1,"values":[1,0,0,0,0,-0.6483,0.7614,0,0,-0.7614,-0.6483,0,0.4408,0.1954,0.6496,1]},
{"frame":31,"values":[1,0,0,0,0,-0.6483,0.7614,0,0,-0.7614,-0.6483,0,0.4408,0.1954,0.6496,1]},
{"frame":41,"values":[1,0,0,0,0,-0.6483,0.7614,0,0,-0.7614,-0.6483,0,0.4408,0.1954,0.6496,1]},
{"frame":71,"values":[1,0,0,0,0,-0.6483,0.7614,0,0,-0.7614,-0.6483,0,0.4408,0.1954,0.6496,1]},
{"frame":81,"values":[1,0,0,0,0,-0.6483,0.7614,0,0,-0.7614,-0.6483,0,0.4408,0.1954,0.6496,1]},
{"frame":5888,"values":[1,0,0,0,0,-0.6483,0.7614,0,0,-0.7614,-0.6483,0,0.4408,0.1954,0.6496,1]},
{"frame":5901,"values":[1,0,0,0,0,-0.6483,0.7614,0,0,-0.7614,-0.6483,0,0.4408,0.1954,0.6496,1]},
{"frame":11708,"values":[1,0,0,0,0,-0.6483,0.7614,0,0,-0.7614,-0.6483,0,0.4408,0.1954,0.6496,1]},
{"frame":11721,"values":[1,0,0,0,0,-0.6483,0.7614,0,0,-0.7614,-0.6483,0,0.4408,0.1954,0.6496,1]},
{"frame":17528,"values":[1,0,0,0,0,-0.6483,0.7614,0,0,-0.7614,-0.6483,0,0.4408,0.1954,0.6496,1]},
{"frame":17541,"values":[1,0,0,0,0,-0.6483,0.7614,0,0,-0.7614,-0.6483,0,0.4408,0.1954,0.6496,1]},
{"frame":23348,"values":[1,0,0,0,0,-0.6483,0.7614,0,0,-0.7614,-0.6483,0,0.4408,0.1954,0.6496,1]}],"loopBehavior":1,"name":"anim","property":"_matrix"}},
{"name":"Mouth","index":6,"matrix":[1,0,0,0,0,-0.9997,0.0248,0,0,-0.0248,-0.9996,0,-0.0001,0.0026,0.0815,1],"rest":[1,0,0,0,0,-0.9997,0.0248,0,0,-0.0248,-0.9997,0,-0.0001,0.0026,0.0815,1],"parentBoneIndex":3,"length":0.4076
,"animation":{"dataType":3,"framePerSecond":24,"keys":[
{"frame":1,"values":[1,0,0,0,0,-0.9997,0.0248,0,0,-0.0248,-0.9996,0,-0.0001,0.0026,0.0815,1]},
{"frame":31,"values":[1,0,0,0,0,-0.9997,0.0248,0,0,-0.0248,-0.9996,0,-0.0001,0.0026,0.0815,1]},
{"frame":41,"values":[1,0,0,0,0,-0.9997,0.0248,0,0,-0.0248,-0.9996,0,-0.0001,0.0026,0.0815,1]},
{"frame":71,"values":[1,0,0,0,0,-0.9997,0.0248,0,0,-0.0248,-0.9996,0,-0.0001,0.0026,0.0815,1]},
{"frame":81,"values":[1,0,0,0,0,-0.9997,0.0248,0,0,-0.0248,-0.9996,0,-0.0001,0.0026,0.0815,1]},
{"frame":5888,"values":[1,0,0,0,0,-0.9997,0.0248,0,0,-0.0248,-0.9996,0,-0.0001,0.0026,0.0815,1]},
{"frame":5901,"values":[1,0,0,0,0,-0.9997,0.0248,0,0,-0.0248,-0.9996,0,-0.0001,0.0026,0.0815,1]},
{"frame":11708,"values":[1,0,0,0,0,-0.9997,0.0248,0,0,-0.0248,-0.9996,0,-0.0001,0.0026,0.0815,1]},
{"frame":11721,"values":[1,0,0,0,0,-0.9997,0.0248,0,0,-0.0248,-0.9996,0,-0.0001,0.0026,0.0815,1]},
{"frame":17528,"values":[1,0,0,0,0,-0.9997,0.0248,0,0,-0.0248,-0.9996,0,-0.0001,0.0026,0.0815,1]},
{"frame":17541,"values":[1,0,0,0,0,-0.9997,0.0248,0,0,-0.0248,-0.9996,0,-0.0001,0.0026,0.0815,1]},
{"frame":23348,"values":[1,0,0,0,0,-0.9997,0.0248,0,0,-0.0248,-0.9996,0,-0.0001,0.0026,0.0815,1]}],"loopBehavior":1,"name":"anim","property":"_matrix"}},
{"name":"Eyelid Top. R","index":7,"matrix":[1,0,0,0,0,0.8147,0.5798,0,0,-0.5798,0.8147,0,-0.4408,0.1954,0.6496,1],"rest":[1,0,0,0,0,0.4578,0.889,0,0,-0.889,0.4578,0,-0.4408,0.1954,0.6496,1],"parentBoneIndex":3,"length":0.2355
,"animation":{"dataType":3,"framePerSecond":24,"keys":[
{"frame":1,"values":[1,0,0,0,0,0.8147,0.5798,0,0,-0.5798,0.8147,0,-0.4408,0.1954,0.6496,1]},
{"frame":31,"values":[1,0,0,0,0,0.8147,0.5798,0,0,-0.5798,0.8147,0,-0.4408,0.1954,0.6496,1]},
{"frame":41,"values":[1,0,0,0,0,0.8147,0.5798,0,0,-0.5798,0.8147,0,-0.4408,0.1954,0.6496,1]},
{"frame":71,"values":[1,0,0,0,0,0.8147,0.5798,0,0,-0.5798,0.8147,0,-0.4408,0.1954,0.6496,1]},
{"frame":81,"values":[1,0,0,0,0,0.8147,0.5798,0,0,-0.5798,0.8147,0,-0.4408,0.1954,0.6496,1]},
{"frame":5888,"values":[1,0,0,0,0,0.8147,0.5798,0,0,-0.5798,0.8147,0,-0.4408,0.1954,0.6496,1]},
{"frame":5901,"values":[1,0,0,0,0,0.8147,0.5798,0,0,-0.5798,0.8147,0,-0.4408,0.1954,0.6496,1]},
{"frame":11708,"values":[1,0,0,0,0,0.8147,0.5798,0,0,-0.5798,0.8147,0,-0.4408,0.1954,0.6496,1]},
{"frame":11721,"values":[1,0,0,0,0,0.8147,0.5798,0,0,-0.5798,0.8147,0,-0.4408,0.1954,0.6496,1]},
{"frame":17528,"values":[1,0,0,0,0,0.8147,0.5798,0,0,-0.5798,0.8147,0,-0.4408,0.1954,0.6496,1]},
{"frame":17541,"values":[1,0,0,0,0,0.8147,0.5798,0,0,-0.5798,0.8147,0,-0.4408,0.1954,0.6496,1]},
{"frame":23348,"values":[1,0,0,0,0,0.8147,0.5798,0,0,-0.5798,0.8147,0,-0.4408,0.1954,0.6496,1]}],"loopBehavior":1,"name":"anim","property":"_matrix"}},
{"name":"Eyelid Bottom. R","index":8,"matrix":[1,0,0,0,0,-0.6483,0.7614,0,0,-0.7614,-0.6483,0,-0.4408,0.1954,0.6496,1],"rest":[1,0,0,0,0,-0.6483,0.7614,0,0,-0.7614,-0.6483,0,-0.4408,0.1954,0.6496,1],"parentBoneIndex":3,"length":0.2353
,"animation":{"dataType":3,"framePerSecond":24,"keys":[
{"frame":1,"values":[1,0,0,0,0,-0.6483,0.7614,0,0,-0.7614,-0.6483,0,-0.4408,0.1954,0.6496,1]},
{"frame":31,"values":[1,0,0,0,0,-0.6483,0.7614,0,0,-0.7614,-0.6483,0,-0.4408,0.1954,0.6496,1]},
{"frame":41,"values":[1,0,0,0,0,-0.6483,0.7614,0,0,-0.7614,-0.6483,0,-0.4408,0.1954,0.6496,1]},
{"frame":71,"values":[1,0,0,0,0,-0.6483,0.7614,0,0,-0.7614,-0.6483,0,-0.4408,0.1954,0.6496,1]},
{"frame":81,"values":[1,0,0,0,0,-0.6483,0.7614,0,0,-0.7614,-0.6483,0,-0.4408,0.1954,0.6496,1]},
{"frame":5888,"values":[1,0,0,0,0,-0.6483,0.7614,0,0,-0.7614,-0.6483,0,-0.4408,0.1954,0.6496,1]},
{"frame":5901,"values":[1,0,0,0,0,-0.6483,0.7614,0,0,-0.7614,-0.6483,0,-0.4408,0.1954,0.6496,1]},
{"frame":11708,"values":[1,0,0,0,0,-0.6483,0.7614,0,0,-0.7614,-0.6483,0,-0.4408,0.1954,0.6496,1]},
{"frame":11721,"values":[1,0,0,0,0,-0.6483,0.7614,0,0,-0.7614,-0.6483,0,-0.4408,0.1954,0.6496,1]},
{"frame":17528,"values":[1,0,0,0,0,-0.6483,0.7614,0,0,-0.7614,-0.6483,0,-0.4408,0.1954,0.6496,1]},
{"frame":17541,"values":[1,0,0,0,0,-0.6483,0.7614,0,0,-0.7614,-0.6483,0,-0.4408,0.1954,0.6496,1]},
{"frame":23348,"values":[1,0,0,0,0,-0.6483,0.7614,0,0,-0.7614,-0.6483,0,-0.4408,0.1954,0.6496,1]}],"loopBehavior":1,"name":"anim","property":"_matrix"}},
