{"producer":{"name":"Blender","version":"2.76 (sub 0)","exporter_version":"5.6.4","file":"character1.babylon"},
"autoClear":true,"clearColor":[0.0509,0.0509,0.0509],"ambientColor":[0,0,0],"gravity":[0,-9.81,0],
"materials":[{"name":"character1.Viking_POLY","id":"character1.Viking_POLY","ambient":[0,0,0],"diffuse":[0.8,0.8,0.8],"specular":[1,1,1],"emissive":[0,0,0],"specularPower":20000,"alpha":1,"backFaceCulling":true,"checkReadyOnlyOnce":false,"maxSimultaneousLights":4,
"diffuseTexture":{"name":"character1_Viking_POLY_DIFFUSE_COLOR.jpg","level":1,"hasAlpha":0,"coordinatesMode":0,"uOffset":0,"vOffset":0,"uScale":1,"vScale":1,"uAng":0,"vAng":0,"wAng":0,"wrapU":0,"wrapV":0,"coordinatesIndex":0},
"bumpTexture":{"name":"character1_Viking_POLY_NORMAL.jpg","level":1,"hasAlpha":0,"coordinatesMode":0,"uOffset":0,"vOffset":0,"uScale":1,"vScale":1,"uAng":0,"vAng":0,"wAng":0,"wrapU":0,"wrapV":0,"coordinatesIndex":0}}],
"multiMaterials":[],
"skeletons":[{"name":"Armature","id":0,"dimensionsAtRest":[0.0168,0.0071,0.0235],"bones":[
{"name":"Root_JNT","index":0,"matrix":[1,0,0,0,0,-0.0106,-0.9999,0,0,-0.9999,0.0106,0,0.6188,-0.0162,0.5143,1],"rest":[1,0,0,0,0,0,-1,0,0,-1,0,0,0.6188,-0.0162,0.5143,1],"parentBoneIndex":-1,"length":0.002
,"animation":{"dataType":3,"framePerSecond":24,"keys":[
{"frame":1,"values":[1,0,0,0,0,-0.0106,-0.9999,0,0,-0.9999,0.0106,0,0.6188,-0.0162,0.5143,1]},
{"frame":49,"values":[1,0,0,0,0,-0.0106,-0.9999,0,0,-0.9999,0.0106,0,0.6188,-0.0162,0.5143,1]},
{"frame":61,"values":[1,0,0,0,0,-0.0106,-0.9999,0,0,-0.9999,0.0106,0,0.6188,-0.0162,0.5143,1]},
{"frame":109,"values":[1,0,0,0,0,-0.0106,-0.9999,0,0,-0.9999,0.0106,0,0.6188,-0.0162,0.5143,1]}],"loopBehavior":1,"name":"anim","property":"_matrix"}},
{"name":"Spine1_JNT","index":1,"matrix":[1,0,0,0,0,0.9999,0.0106,0,0,-0.0106,0.9999,0,0.001,0,0,1],"rest":[1,0,0,0,0,1,0,0,0,0,1,0,0.001,0,0,1],"parentBoneIndex":0,"length":0.0024
,"animation":{"dataType":3,"framePerSecond":24,"keys":[
{"frame":1,"values":[1,0,0,0,0,0.9999,0.0106,0,0,-0.0106,0.9999,0,0.001,0,0,1]},
{"frame":49,"values":[1,0,0,0,0,0.9999,0.0106,0,0,-0.0106,0.9999,0,0.001,0,0,1]},
{"frame":61,"values":[1,0,0,0,0,0.9999,0.0106,0,0,-0.0106,0.9999,0,0.001,0,0,1]},
{"frame":109,"values":[1,0,0,0,0,0.9999,0.0106,0,0,-0.0106,0.9999,0,0.001,0,0,1]}],"loopBehavior":1,"name":"anim","property":"_matrix"}},
{"name":"Spine2_JNT","index":2,"matrix":[1,0,0,0,0,0.9999,0.0106,0,0,-0.0106,0.9999,0,0.0024,0,0,1],"rest":[1,0,0,0,0,1,0,0,0,0,1,0,0.0024,0,0,1],"parentBoneIndex":1,"length":0.0031
,"animation":{"dataType":3,"framePerSecond":24,"keys":[
{"frame":1,"values":[1,0,0,0,0,0.9999,0.0106,0,0,-0.0106,0.9999,0,0.0024,0,0,1]},
{"frame":49,"values":[1,0,0,0,0,0.9999,0.0106,0,0,-0.0106,0.9999,0,0.0024,0,0,1]},
{"frame":61,"values":[1,0,0,0,0,0.9999,0.0106,0,0,-0.0106,0.9999,0,0.0024,0,0,1]},
{"frame":109,"values":[1,0,0,0,0,0.9999,0.0106,0,0,-0.0106,0.9999,0,0.0024,0,0,1]}],"loopBehavior":1,"name":"anim","property":"_matrix"}},
{"name":"SpineEND_JNT","index":3,"matrix":[0,-1,-0.0015,0,1,0,0.0015,0,-0.0015,-0.0015,1,0,0.0033,0,0,1],"rest":[0,-1,0,0,1,0,0,0,0,0,1,0,0.0033,0,0,1],"parentBoneIndex":2,"length":0.0036
,"animation":{"dataType":3,"framePerSecond":24,"keys":[
{"frame":1,"values":[0,-1,-0.0015,0,1,0,0.0015,0,-0.0015,-0.0015,1,0,0.0033,0,0,1]},
{"frame":49,"values":[0,-1,-0.0015,0,1,0,0.0015,0,-0.0015,-0.0015,1,0,0.0033,0,0,1]},
{"frame":61,"values":[0,-1,-0.0015,0,1,0,0.0015,0,-0.0015,-0.0015,1,0,0.0033,0,0,1]},
{"frame":109,"values":[0,-1,-0.0015,0,1,0,0.0015,0,-0.0015,-0.0015,1,0,0.0033,0,0,1]}],"loopBehavior":1,"name":"anim","property":"_matrix"}},
{"name":"L_Eye_JNT","index":4,"matrix":[0.9986,0.029,-0.0443,0,-0.0291,0.9996,-0.0015,0,0.0443,0.0027,0.999,0,-0.0016,-0.0001,0.0033,1],"rest":[0.9986,0.029,-0.0443,0,-0.0291,0.9996,-0.0015,0,0.0443,0.0027,0.999,0,-0.0016,-0.0001,0.0033,1],"parentBoneIndex":3,"length":0.0036
,"animation":{"dataType":3,"framePerSecond":24,"keys":[
{"frame":1,"values":[0.9986,0.029,-0.0443,0,-0.0291,0.9996,-0.0015,0,0.0443,0.0027,0.999,0,-0.0016,-0.0001,0.0033,1]},
{"frame":49,"values":[0.9986,0.029,-0.0443,0,-0.0291,0.9996,-0.0015,0,0.0443,0.0027,0.999,0,-0.0016,-0.0001,0.0033,1]},
{"frame":61,"values":[0.9986,0.029,-0.0443,0,-0.0291,0.9996,-0.0015,0,0.0443,0.0027,0.999,0,-0.0016,-0.0001,0.0033,1]},
{"frame":109,"values":[0.9986,0.029,-0.0443,0,-0.0291,0.9996,-0.0015,0,0.0443,0.0027,0.999,0,-0.0016,-0.0001,0.0033,1]}],"loopBehavior":1,"name":"anim","property":"_matrix"}},
{"name":"R_Eye_JNT","index":5,"matrix":[0.9983,-0.029,0.0443,0,-0.0291,-0.9996,0.0015,0,0.0443,-0.0027,-0.999,0,0.0016,-0.0001,0.0033,1],"rest":[0.9986,-0.029,0.0443,0,-0.0291,-0.9996,0.0015,0,0.0443,-0.0027,-0.999,0,0.0016,-0.0001,0.0033,1],"parentBoneIndex":3,"length":0.0036
,"animation":{"dataType":3,"framePerSecond":24,"keys":[
{"frame":1,"values":[0.9983,-0.029,0.0443,0,-0.0291,-0.9996,0.0015,0,0.0443,-0.0027,-0.999,0,0.0016,-0.0001,0.0033,1]},
{"frame":49,"values":[0.9983,-0.029,0.0443,0,-0.0291,-0.9996,0.0015,0,0.0443,-0.0027,-0.999,0,0.0016,-0.0001,0.0033,1]},
{"frame":61,"values":[0.9983,-0.029,0.0443,0,-0.0291,-0.9996,0.0015,0,0.0443,-0.0027,-0.999,0,0.0016,-0.0001,0.0033,1]},
{"frame":109,"values":[0.9983,-0.029,0.0443,0,-0.0291,-0.9996,0.0015,0,0.0443,-0.0027,-0.999,0,0.0016,-0.0001,0.0033,1]}],"loopBehavior":1,"name":"anim","property":"_matrix"}},
{"name":"R_ArmUpper_JNT","index":6,"matrix":[0,0.978,0.2088,0,-1,0,0,0,0,-0.2088,0.978,0,-0.0008,-0.0028,0.0001,1],"rest":[0,0.978,0.2088,0,-1,0,0,0,0,-0.2088,0.978,0,-0.0008,-0.0028,0.0001,1],"parentBoneIndex":2,"length":0.0012
,"animation":{"dataType":3,"framePerSecond":24,"keys":[
{"frame":1,"values":[0,0.978,0.2088,0,-1,0,0,0,0,-0.2088,0.978,0,-0.0008,-0.0028,0.0001,1]},
{"frame":49,"values":[0,0.978,0.2088,0,-1,0,0,0,0,-0.2088,0.978,0,-0.0008,-0.0028,0.0001,1]},
{"frame":61,"values":[0,0.978,0.2088,0,-1,0,0,0,0,-0.2088,0.978,0,-0.0008,-0.0028,0.0001,1]},
{"frame":109,"values":[0,0.978,0.2088,0,-1,0,0,0,0,-0.2088,0.978,0,-0.0008,-0.0028,0.0001,1]}],"loopBehavior":1,"name":"anim","property":"_matrix"}},
{"name":"R_ArmRower_JNT","index":7,"matrix":[0.9771,0,-0.2126,0,0,1,0,0,0.2126,0,0.9771,0,-0.0012,0,0,1],"rest":[0.9771,0,-0.2126,0,0,1,0,0,0.2126,0,0.9771,0,-0.0012,0,0,1],"parentBoneIndex":6,"length":0.001
,"animation":{"dataType":3,"framePerSecond":24,"keys":[
{"frame":1,"values":[0.9771,0,-0.2126,0,0,1,0,0,0.2126,0,0.9771,0,-0.0012,0,0,1]},
{"frame":49,"values":[0.9771,0,-0.2126,0,0,1,0,0,0.2126,0,0.9771,0,-0.0012,0,0,1]},
{"frame":61,"values":[0.9771,0,-0.2126,0,0,1,0,0,0.2126,0,0.9771,0,-0.0012,0,0,1]},
{"frame":109,"values":[0.9771,0,-0.2126,0,0,1,0,0,0.2126,0,0.9771,0,-0.0012,0,0,1]}],"loopBehavior":1,"name":"anim","property":"_matrix"}},
{"name":"R_Hand_JNT","index":8,"matrix":[1,0,-0.004,0,0,1,0,0,0.004,0,1,0,-0.001,0,0,1],"rest":[1,0,-0.004,0,0,1,0,0,0.004,0,1,0,-0.001,0,0,1],"parentBoneIndex":7,"length":0.004
,"animation":{"dataType":3,"framePerSecond":24,"keys":[
{"frame":1,"values":[1,0,-0.004,0,0,1,0,0,0.004,0,1,0,-0.001,0,0,1]},
{"frame":49,"values":[1,0,-0.004,0,0,1,0,0,0.004,0,1,0,-0.001,0,0,1]},
{"frame":61,"values":[1,0,-0.004,0,0,1,0,0,0.004,0,1,0,-0.001,0,0,1]},
{"frame":109,"values":[1,0,-0.004,0,0,1,0,0,0.004,0,1,0,-0.001,0,0,1]}],"loopBehavior":1,"name":"anim","property":"_matrix"}},
{"name":"R_Thumb1_JNT","index":9,"matrix":[0.121,0.9897,-0.077,0,-0.9856,0.1106,-0.1283,0,-0.1185,0.0914,0.9887,0,-0.0023,-0.0013,0,1],"rest":[0.121,0.9897,-0.077,0,-0.9856,0.1106,-0.1283,0,-0.1185,0.0914,0.9887,0,-0.0023,-0.0013,0,1],"parentBoneIndex":8,"length":0.0009
,"animation":{"dataType":3,"framePerSecond":24,"keys":[
{"frame":1,"values":[0.121,0.9897,-0.077,0,-0.9856,0.1106,-0.1283,0,-0.1185,0.0914,0.9887,0,-0.0023,-0.0013,0,1]},
{"frame":49,"values":[0.121,0.9897,-0.077,0,-0.9856,0.1106,-0.1283,0,-0.1185,0.0914,0.9887,0,-0.0023,-0.0013,0,1]},
{"frame":61,"values":[0.121,0.9897,-0.077,0,-0.9856,0.1106,-0.1283,0,-0.1185,0.0914,0.9887,0,-0.0023,-0.0013,0,1]},
{"frame":109,"values":[0.121,0.9897,-0.077,0,-0.9856,0.1106,-0.1283,0,-0.1185,0.0914,0.9887,0,-0.0023,-0.0013,0,1]}],"loopBehavior":1,"name":"anim","property":"_matrix"}},
{"name":"R_Thumb2_JNT","index":10,"matrix":[0.9737,0,-0.2278,0,0,1,0,0,0.2278,0,0.9737,0,-0.0009,0,0,1],"rest":[0.9737,0,-0.2278,0,0,1,0,0,0.2278,0,0.9737,0,-0.0009,0,0,1],"parentBoneIndex":9,"length":0.0014
,"animation":{"dataType":3,"framePerSecond":24,"keys":[
{"frame":1,"values":[0.9737,0,-0.2278,0,0,1,0,0,0.2278,0,0.9737,0,-0.0009,0,0,1]},
{"frame":49,"values":[0.9737,0,-0.2278,0,0,1,0,0,0.2278,0,0.9737,0,-0.0009,0,0,1]},
{"frame":61,"values":[0.9737,0,-0.2278,0,0,1,0,0,0.2278,0,0.9737,0,-0.0009,0,0,1]},
{"frame":109,"values":[0.9737,0,-0.2278,0,0,1,0,0,0.2278,0,0.9737,0,-0.0009,0,0,1]}],"loopBehavior":1,"name":"anim","property":"_matrix"}},
{"name":"R_ThumbEND_JNT","index":11,"matrix":[1,0,-0.0028,0,0,1,0,0,0.0028,0,1,0,-0.0014,0,0,1],"rest":[1,0,-0.0028,0,0,1,0,0,0.0028,0,1,0,-0.0014,0,0,1],"parentBoneIndex":10,"length":0.0014
,"animation":{"dataType":3,"framePerSecond":24,"keys":[
{"frame":1,"values":[1,0,-0.0028,0,0,1,0,0,0.0028,0,1,0,-0.0014,0,0,1]},
{"frame":49,"values":[1,0,-0.0028,0,0,1,0,0,0.0028,0,1,0,-0.0014,0,0,1]},
{"frame":61,"values":[1,0,-0.0028,0,0,1,0,0,0.0028,0,1,0,-0.0014,0,0,1]},
{"frame":109,"values":[1,0,-0.0028,0,0,1,0,0,0.0028,0,1,0,-0.0014,0,0,1]}],"loopBehavior":1,"name":"anim","property":"_matrix"}},
{"name":"R_Index1_JNT","index":12,"matrix":[0.9272,0.3553,-0.1184,0,-0.3716,0.9119,-0.1741,0,0.0461,0.2054,0.9776,0,-0.0043,-0.0015,-0.0002,1],"rest":[0.9272,0.3553,-0.1184,0,-0.3716,0.9119,-0.1741,0,0.0461,0.2054,0.9776,0,-0.0043,-0.0015,-0.0002,1],"parentBoneIndex":8,"length":0.0008
,"animation":{"dataType":3,"framePerSecond":24,"keys":[
{"frame":1,"values":[0.9272,0.3553,-0.1184,0,-0.3716,0.9119,-0.1741,0,0.0461,0.2054,0.9776,0,-0.0043,-0.0015,-0.0002,1]},
{"frame":49,"values":[0.9272,0.3553,-0.1184,0,-0.3716,0.9119,-0.1741,0,0.0461,0.2054,0.9776,0,-0.0043,-0.0015,-0.0002,1]},
{"frame":61,"values":[0.9272,0.3553,-0.1184,0,-0.3716,0.9119,-0.1741,0,0.0461,0.2054,0.9776,0,-0.0043,-0.0015,-0.0002,1]},
{"frame":109,"values":[0.9272,0.3553,-0.1184,0,-0.3716,0.9119,-0.1741,0,0.0461,0.2054,0.9776,0,-0.0043,-0.0015,-0.0002,1]}],"loopBehavior":1,"name":"anim","property":"_matrix"}},
{"name":"R_Index2_JNT","index":13,"matrix":[0.9876,0,-0.1571,0,0,1,0,0,0.1571,0,0.9876,0,-0.0008,0,0,1],"rest":[0.9876,0,-0.1571,0,0,1,0,0,0.1571,0,0.9876,0,-0.0008,0,0,1],"parentBoneIndex":12,"length":0.0012
,"animation":{"dataType":3,"framePerSecond":24,"keys":[
{"frame":1,"values":[0.9876,0,-0.1571,0,0,1,0,0,0.1571,0,0.9876,0,-0.0008,0,0,1]},
{"frame":49,"values":[0.9876,0,-0.1571,0,0,1,0,0,0.1571,0,0.9876,0,-0.0008,0,0,1]},
{"frame":61,"values":[0.9876,0,-0.1571,0,0,1,0,0,0.1571,0,0.9876,0,-0.0008,0,0,1]},
{"frame":109,"values":[0.9876,0,-0.1571,0,0,1,0,0,0.1571,0,0.9876,0,-0.0008,0,0,1]}],"loopBehavior":1,"name":"anim","property":"_matrix"}},
{"name":"R_IndexEND_JNT","index":14,"matrix":[1,0,-0.0027,0,0,1,0,0,0.0027,0,1,0,-0.0012,0,0,1],"rest":[1,0,-0.0027,0,0,1,0,0,0.0027,0,1,0,-0.0012,0,0,1],"parentBoneIndex":13,"length":0.0012
,"animation":{"dataType":3,"framePerSecond":24,"keys":[
{"frame":1,"values":[1,0,-0.0027,0,0,1,0,0,0.0027,0,1,0,-0.0012,0,0,1]},
{"frame":49,"values":[1,0,-0.0027,0,0,1,0,0,0.0027,0,1,0,-0.0012,0,0,1]},
{"frame":61,"values":[1,0,-0.0027,0,0,1,0,0,0.0027,0,1,0,-0.0012,0,0,1]},
{"frame":109,"values":[1,0,-0.0027,0,0,1,0,0,0.0027,0,1,0,-0.0012,0,0,1]}],"loopBehavior":1,"name":"anim","property":"_matrix"}},
{"name":"R_Middle1_JNT","index":15,"matrix":[0.9927,0,-0.1202,0,0,1,0,0,0.1202,0,0.9927,0,-0.0045,-0.0001,-0.0002,1],"rest":[0.9927,0,-0.1202,0,0,1,0,0,0.1202,0,0.9927,0,-0.0045,-0.0001,-0.0002,1],"parentBoneIndex":8,"length":0.0009
,"animation":{"dataType":3,"framePerSecond":24,"keys":[
{"frame":1,"values":[0.9927,0,-0.1202,0,0,1,0,0,0.1202,0,0.9927,0,-0.0045,-0.0001,-0.0002,1]},
{"frame":49,"values":[0.9927,0,-0.1202,0,0,1,0,0,0.1202,0,0.9927,0,-0.0045,-0.0001,-0.0002,1]},
{"frame":61,"values":[0.9927,0,-0.1202,0,0,1,0,0,0.1202,0,0.9927,0,-0.0045,-0.0001,-0.0002,1]},
{"frame":109,"values":[0.9927,0,-0.1202,0,0,1,0,0,0.1202,0,0.9927,0,-0.0045,-0.0001,-0.0002,1]}],"loopBehavior":1,"name":"anim","property":"_matrix"}},
{"name":"R_Middle2_JNT","index":16,"matrix":[0.9876,0,-0.157,0,0,1,0,0,0.157,0,0.9876,0,-0.0009,0,0,1],"rest":[0.9876,0,-0.157,0,0,1,0,0,0.157,0,0.9876,0,-0.0009,0,0,1],"parentBoneIndex":15,"length":0.0014
,"animation":{"dataType":3,"framePerSecond":24,"keys":[
{"frame":1,"values":[0.9876,0,-0.157,0,0,1,0,0,0.157,0,0.9876,0,-0.0009,0,0,1]},
{"frame":49,"values":[0.9876,0,-0.157,0,0,1,0,0,0.157,0,0.9876,0,-0.0009,0,0,1]},
{"frame":61,"values":[0.9876,0,-0.157,0,0,1,0,0,0.157,0,0.9876,0,-0.0009,0,0,1]},
{"frame":109,"values":[0.9876,0,-0.157,0,0,1,0,0,0.157,0,0.9876,0,-0.0009,0,0,1]}],"loopBehavior":1,"name":"anim","property":"_matrix"}},
{"name":"R_MiddleEND_JNT","index":17,"matrix":[1,0,-0.0028,0,0,1,0,0,0.0028,0,1,0,-0.0014,0,0,1],"rest":[1,0,-0.0028,0,0,1,0,0,0.0028,0,1,0,-0.0014,0,0,1],"parentBoneIndex":16,"length":0.0014
,"animation":{"dataType":3,"framePerSecond":24,"keys":[
{"frame":1,"values":[1,0,-0.0028,0,0,1,0,0,0.0028,0,1,0,-0.0014,0,0,1]},
{"frame":49,"values":[1,0,-0.0028,0,0,1,0,0,0.0028,0,1,0,-0.0014,0,0,1]},
{"frame":61,"values":[1,0,-0.0028,0,0,1,0,0,0.0028,0,1,0,-0.0014,0,0,1]},
{"frame":109,"values":[1,0,-0.0028,0,0,1,0,0,0.0028,0,1,0,-0.0014,0,0,1]}],"loopBehavior":1,"name":"anim","property":"_matrix"}},
{"name":"R_Pinky1_JNT","index":18,"matrix":[0.9174,-0.3619,-0.1652,0,0.3937,0.886,0.245,0,0.0577,-0.2898,0.9554,0,-0.0042,0.0014,-0.0002,1],"rest":[0.9174,-0.3619,-0.1652,0,0.3937,0.886,0.245,0,0.0577,-0.2898,0.9554,0,-0.0042,0.0014,-0.0002,1],"parentBoneIndex":8,"length":0.0007
,"animation":{"dataType":3,"framePerSecond":24,"keys":[
{"frame":1,"values":[0.9174,-0.3619,-0.1652,0,0.3937,0.886,0.245,0,0.0577,-0.2898,0.9554,0,-0.0042,0.0014,-0.0002,1]},
{"frame":49,"values":[0.9174,-0.3619,-0.1652,0,0.3937,0.886,0.245,0,0.0577,-0.2898,0.9554,0,-0.0042,0.0014,-0.0002,1]},
{"frame":61,"values":[0.9174,-0.3619,-0.1652,0,0.3937,0.886,0.245,0,0.0577,-0.2898,0.9554,0,-0.0042,0.0014,-0.0002,1]},
{"frame":109,"values":[0.9174,-0.3619,-0.1652,0,0.3937,0.886,0.245,0,0.0577,-0.2898,0.9554,0,-0.0042,0.0014,-0.0002,1]}],"loopBehavior":1,"name":"anim","property":"_matrix"}},
{"name":"R_Pinky2_JNT","index":19,"matrix":[0.9876,0,-0.157,0,0,1,0,0,0.157,0,0.9876,0,-0.0007,0,0,1],"rest":[0.9876,0,-0.157,0,0,1,0,0,0.157,0,0.9876,0,-0.0007,0,0,1],"parentBoneIndex":18,"length":0.0011
,"animation":{"dataType":3,"framePerSecond":24,"keys":[
{"frame":1,"values":[0.9876,0,-0.157,0,0,1,0,0,0.157,0,0.9876,0,-0.0007,0,0,1]},
{"frame":49,"values":[0.9876,0,-0.157,0,0,1,0,0,0.157,0,0.9876,0,-0.0007,0,0,1]},
{"frame":61,"values":[0.9876,0,-0.157,0,0,1,0,0,0.157,0,0.9876,0,-0.0007,0,0,1]},
{"frame":109,"values":[0.9876,0,-0.157,0,0,1,0,0,0.157,0,0.9876,0,-0.0007,0,0,1]}],"loopBehavior":1,"name":"anim","property":"_matrix"}},
{"name":"R_PinkyEND_JNT","index":20,"matrix":[1,0,-0.0028,0,0,1,0,0,0.0028,0,1,0,-0.0011,0,0,1],"rest":[1,0,-0.0028,0,0,1,0,0,0.0028,0,1,0,-0.0011,0,0,1],"parentBoneIndex":19,"length":0.0011
,"animation":{"dataType":3,"framePerSecond":24,"keys":[
{"frame":1,"values":[1,0,-0.0028,0,0,1,0,0,0.0028,0,1,0,-0.0011,0,0,1]},
{"frame":49,"values":[1,0,-0.0028,0,0,1,0,0,0.0028,0,1,0,-0.0011,0,0,1]},
{"frame":61,"values":[1,0,-0.0028,0,0,1,0,0,0.0028,0,1,0,-0.0011,0,0,1]},
{"frame":109,"values":[1,0,-0.0028,0,0,1,0,0,0.0028,0,1,0,-0.0011,0,0,1]}],"loopBehavior":1,"name":"anim","property":"_matrix"}},
{"name":"L_ArmUpper_JNT","index":21,"matrix":[0,0.9779,-0.2088,0,1,0,0,0,0,-0.2088,-0.9779,0,-0.0008,0.0028,0.0001,1],"rest":[0,0.9779,-0.2088,0,1,0,0,0,0,-0.2088,-0.9779,0,-0.0008,0.0028,0.0001,1],"parentBoneIndex":2,"length":0.0012
,"animation":{"dataType":3,"framePerSecond":24,"keys":[
{"frame":1,"values":[0,0.9779,-0.2088,0,1,0,0,0,0,-0.2088,-0.9779,0,-0.0008,0.0028,0.0001,1]},
{"frame":49,"values":[0,0.9779,-0.2088,0,1,0,0,0,0,-0.2088,-0.9779,0,-0.0008,0.0028,0.0001,1]},
{"frame":61,"values":[0,0.9779,-0.2088,0,1,0,0,0,0,-0.2088,-0.9779,0,-0.0008,0.0028,0.0001,1]},
{"frame":109,"values":[0,0.9779,-0.2088,0,1,0,0,0,0,-0.2088,-0.9779,0,-0.0008,0.0028,0.0001,1]}],"loopBehavior":1,"name":"anim","property":"_matrix"}},
{"name":"L_ArmLower_JNT","index":22,"matrix":[0.9771,0,-0.2126,0,0,1,0,0,0.2126,0,0.9771,0,0.0012,0,0,1],"rest":[0.9771,0,-0.2126,0,0,1,0,0,0.2126,0,0.9771,0,0.0012,0,0,1],"parentBoneIndex":21,"length":0.001
,"animation":{"dataType":3,"framePerSecond":24,"keys":[
{"frame":1,"values":[0.9771,0,-0.2126,0,0,1,0,0,0.2126,0,0.9771,0,0.0012,0,0,1]},
{"frame":49,"values":[0.9771,0,-0.2126,0,0,1,0,0,0.2126,0,0.9771,0,0.0012,0,0,1]},
{"frame":61,"values":[0.9771,0,-0.2126,0,0,1,0,0,0.2126,0,0.9771,0,0.0012,0,0,1]},
{"frame":109,"values":[0.9771,0,-0.2126,0,0,1,0,0,0.2126,0,0.9771,0,0.0012,0,0,1]}],"loopBehavior":1,"name":"anim","property":"_matrix"}},
{"name":"L_Hand_JNT","index":23,"matrix":[-1,0,0.008,0,0,1,0,0,-0.008,0,-1,0,0.001,0,0,1],"rest":[-1,0,0,0,0,1,0,0,0,0,-1,0,0.001,0,0,1],"parentBoneIndex":22,"length":0.004
,"animation":{"dataType":3,"framePerSecond":24,"keys":[
{"frame":1,"values":[-1,0,0.008,0,0,1,0,0,-0.008,0,-1,0,0.001,0,0,1]},
{"frame":49,"values":[-1,0,0.008,0,0,1,0,0,-0.008,0,-1,0,0.001,0,0,1]},
{"frame":61,"values":[-1,0,0.008,0,0,1,0,0,-0.008,0,-1,0,0.001,0,0,1]},
{"frame":109,"values":[-1,0,0.008,0,0,1,0,0,-0.008,0,-1,0,0.001,0,0,1]}],"loopBehavior":1,"name":"anim","property":"_matrix"}},
{"name":"L_Thumb1_JNT","index":24,"matrix":[-0.1207,0.9897,0.0774,0,0.9861,0.1105,0.1244,0,0.1145,0.0914,-0.9892,0,-0.0023,0.0013,0,1],"rest":[-0.1207,0.9897,0.0774,0,0.9861,0.1105,0.1244,0,0.1145,0.0914,-0.9892,0,-0.0023,0.0013,0,1],"parentBoneIndex":23,"length":0.0009
,"animation":{"dataType":3,"framePerSecond":24,"keys":[
{"frame":1,"values":[-0.1207,0.9897,0.0774,0,0.9861,0.1105,0.1244,0,0.1145,0.0914,-0.9892,0,-0.0023,0.0013,0,1]},
{"frame":49,"values":[-0.1207,0.9897,0.0774,0,0.9861,0.1105,0.1244,0,0.1145,0.0914,-0.9892,0,-0.0023,0.0013,0,1]},
{"frame":61,"values":[-0.1207,0.9897,0.0774,0,0.9861,0.1105,0.1244,0,0.1145,0.0914,-0.9892,0,-0.0023,0.0013,0,1]},
{"frame":109,"values":[-0.1207,0.9897,0.0774,0,0.9861,0.1105,0.1244,0,0.1145,0.0914,-0.9892,0,-0.0023,0.0013,0,1]}],"loopBehavior":1,"name":"anim","property":"_matrix"}},
{"name":"L_Thumb2_JNT","index":25,"matrix":[0.9737,-0.0001,-0.2278,0,0.0001,1,0,0,0.2278,0,0.9737,0,0.0009,0,0,1],"rest":[0.9737,-0.0001,-0.2278,0,0.0001,1,0,0,0.2278,0,0.9737,0,0.0009,0,0,1],"parentBoneIndex":24,"length":0.0014
,"animation":{"dataType":3,"framePerSecond":24,"keys":[
{"frame":1,"values":[0.9737,-0.0001,-0.2278,0,0.0001,1,0,0,0.2278,0,0.9737,0,0.0009,0,0,1]},
{"frame":49,"values":[0.9737,-0.0001,-0.2278,0,0.0001,1,0,0,0.2278,0,0.9737,0,0.0009,0,0,1]},
{"frame":61,"values":[0.9737,-0.0001,-0.2278,0,0.0001,1,0,0,0.2278,0,0.9737,0,0.0009,0,0,1]},
{"frame":109,"values":[0.9737,-0.0001,-0.2278,0,0.0001,1,0,0,0.2278,0,0.9737,0,0.0009,0,0,1]}],"loopBehavior":1,"name":"anim","property":"_matrix"}},
{"name":"L_ThumbEND_JNT","index":26,"matrix":[-1,0,0.0055,0,0,1,0,0,-0.0055,0,-1,0,0.0014,0,0,1],"rest":[-1,0,0,0,0,1,0,0,0,0,-1,0,0.0014,0,0,1],"parentBoneIndex":25,"length":0.0014
,"animation":{"dataType":3,"framePerSecond":24,"keys":[
{"frame":1,"values":[-1,0,0.0055,0,0,1,0,0,-0.0055,0,-1,0,0.0014,0,0,1]},
{"frame":49,"values":[-1,0,0.0055,0,0,1,0,0,-0.0055,0,-1,0,0.0014,0,0,1]},
{"frame":61,"values":[-1,0,0.0055,0,0,1,0,0,-0.0055,0,-1,0,0.0014,0,0,1]},
{"frame":109,"values":[-1,0,0.0055,0,0,1,0,0,-0.0055,0,-1,0,0.0014,0,0,1]}],"loopBehavior":1,"name":"anim","property":"_matrix"}},
{"name":"L_Index1_JNT","index":27,"matrix":[-0.9267,0.3553,0.1221,0,0.3724,0.9119,0.1726,0,-0.05,0.2054,-0.9774,0,-0.0043,0.0015,-0.0002,1],"rest":[-0.9267,0.3553,0.1221,0,0.3724,0.9119,0.1726,0,-0.05,0.2054,-0.9774,0,-0.0043,0.0015,-0.0002,1],"parentBoneIndex":23,"length":0.0008
,"animation":{"dataType":3,"framePerSecond":24,"keys":[
{"frame":1,"values":[-0.9267,0.3553,0.1221,0,0.3724,0.9119,0.1726,0,-0.05,0.2054,-0.9774,0,-0.0043,0.0015,-0.0002,1]},
{"frame":49,"values":[-0.9267,0.3553,0.1221,0,0.3724,0.9119,0.1726,0,-0.05,0.2054,-0.9774,0,-0.0043,0.0015,-0.0002,1]},
{"frame":61,"values":[-0.9267,0.3553,0.1221,0,0.3724,0.9119,0.1726,0,-0.05,0.2054,-0.9774,0,-0.0043,0.0015,-0.0002,1]},
{"frame":109,"values":[-0.9267,0.3553,0.1221,0,0.3724,0.9119,0.1726,0,-0.05,0.2054,-0.9774,0,-0.0043,0.0015,-0.0002,1]}],"loopBehavior":1,"name":"anim","property":"_matrix"}},
{"name":"L_Index2_JNT","index":28,"matrix":[0.9876,0,-0.157,0,0,1,0,0,0.157,0,0.9876,0,0.0008,0,0,1],"rest":[0.9876,0,-0.157,0,0,1,0,0,0.157,0,0.9876,0,0.0008,0,0,1],"parentBoneIndex":27,"length":0.0012
,"animation":{"dataType":3,"framePerSecond":24,"keys":[
{"frame":1,"values":[0.9876,0,-0.157,0,0,1,0,0,0.157,0,0.9876,0,0.0008,0,0,1]},
{"frame":49,"values":[0.9876,0,-0.157,0,0,1,0,0,0.157,0,0.9876,0,0.0008,0,0,1]},
{"frame":61,"values":[0.9876,0,-0.157,0,0,1,0,0,0.157,0,0.9876,0,0.0008,0,0,1]},
{"frame":109,"values":[0.9876,0,-0.157,0,0,1,0,0,0.157,0,0.9876,0,0.0008,0,0,1]}],"loopBehavior":1,"name":"anim","property":"_matrix"}},
{"name":"L_IndexEND_JNT","index":29,"matrix":[1,0,-0.0028,0,0,1,0,0,0.0028,0,1,0,0.0012,0,0,1],"rest":[1,0,-0.0028,0,0,1,0,0,0.0028,0,1,0,0.0012,0,0,1],"parentBoneIndex":28,"length":0.0012
,"animation":{"dataType":3,"framePerSecond":24,"keys":[
{"frame":1,"values":[1,0,-0.0028,0,0,1,0,0,0.0028,0,1,0,0.0012,0,0,1]},
{"frame":49,"values":[1,0,-0.0028,0,0,1,0,0,0.0028,0,1,0,0.0012,0,0,1]},
{"frame":61,"values":[1,0,-0.0028,0,0,1,0,0,0.0028,0,1,0,0.0012,0,0,1]},
{"frame":109,"values":[1,0,-0.0028,0,0,1,0,0,0.0028,0,1,0,0.0012,0,0,1]}],"loopBehavior":1,"name":"anim","property":"_matrix"}},
{"name":"L_Middle1_JNT","index":30,"matrix":[-0.9923,0,0.1242,0,0,1,0,0,-0.1242,0,-0.9923,0,-0.0045,0.0001,-0.0002,1],"rest":[-0.9923,0,0.1242,0,0,1,0,0,-0.1242,0,-0.9923,0,-0.0045,0.0001,-0.0002,1],"parentBoneIndex":23,"length":0.0009
,"animation":{"dataType":3,"framePerSecond":24,"keys":[
{"frame":1,"values":[-0.9923,0,0.1242,0,0,1,0,0,-0.1242,0,-0.9923,0,-0.0045,0.0001,-0.0002,1]},
{"frame":49,"values":[-0.9923,0,0.1242,0,0,1,0,0,-0.1242,0,-0.9923,0,-0.0045,0.0001,-0.0002,1]},
{"frame":61,"values":[-0.9923,0,0.1242,0,0,1,0,0,-0.1242,0,-0.9923,0,-0.0045,0.0001,-0.0002,1]},
{"frame":109,"values":[-0.9923,0,0.1242,0,0,1,0,0,-0.1242,0,-0.9923,0,-0.0045,0.0001,-0.0002,1]}],"loopBehavior":1,"name":"anim","property":"_matrix"}},
{"name":"L_Middle2_JNT","index":31,"matrix":[0.9876,0,-0.157,0,0,1,0,0,0.157,0,0.9876,0,0.0009,0,0,1],"rest":[0.9876,0,-0.157,0,0,1,0,0,0.157,0,0.9876,0,0.0009,0,0,1],"parentBoneIndex":30,"length":0.0014
,"animation":{"dataType":3,"framePerSecond":24,"keys":[
{"frame":1,"values":[0.9876,0,-0.157,0,0,1,0,0,0.157,0,0.9876,0,0.0009,0,0,1]},
{"frame":49,"values":[0.9876,0,-0.157,0,0,1,0,0,0.157,0,0.9876,0,0.0009,0,0,1]},
{"frame":61,"values":[0.9876,0,-0.157,0,0,1,0,0,0.157,0,0.9876,0,0.0009,0,0,1]},
{"frame":109,"values":[0.9876,0,-0.157,0,0,1,0,0,0.157,0,0.9876,0,0.0009,0,0,1]}],"loopBehavior":1,"name":"anim","property":"_matrix"}},
{"name":"L_MiddleEND_JNT","index":32,"matrix":[-1,0,0.0055,0,0,1,0,0,-0.0055,0,-1,0,0.0014,0,0,1],"rest":[-1,0,0,0,0,1,0,0,0,0,-1,0,0.0014,0,0,1],"parentBoneIndex":31,"length":0.0014
,"animation":{"dataType":3,"framePerSecond":24,"keys":[
{"frame":1,"values":[-1,0,0.0055,0,0,1,0,0,-0.0055,0,-1,0,0.0014,0,0,1]},
{"frame":49,"values":[-1,0,0.0055,0,0,1,0,0,-0.0055,0,-1,0,0.0014,0,0,1]},
{"frame":61,"values":[-1,0,0.0055,0,0,1,0,0,-0.0055,0,-1,0,0.0014,0,0,1]},
{"frame":109,"values":[-1,0,0.0055,0,0,1,0,0,-0.0055,0,-1,0,0.0014,0,0,1]}],"loopBehavior":1,"name":"anim","property":"_matrix"}},
{"name":"L_Pinky1_JNT","index":33,"matrix":[-0.9168,-0.3619,0.1688,0,-0.3945,0.886,-0.2434,0,-0.0615,-0.2898,-0.9551,0,-0.0042,-0.0014,-0.0001,1],"rest":[-0.9168,-0.3619,0.1688,0,-0.3945,0.886,-0.2434,0,-0.0615,-0.2898,-0.9551,0,-0.0042,-0.0014,-0.0001,1],"parentBoneIndex":23,"length":0.0007
,"animation":{"dataType":3,"framePerSecond":24,"keys":[
{"frame":1,"values":[-0.9168,-0.3619,0.1688,0,-0.3945,0.886,-0.2434,0,-0.0615,-0.2898,-0.9551,0,-0.0042,-0.0014,-0.0001,1]},
{"frame":49,"values":[-0.9168,-0.3619,0.1688,0,-0.3945,0.886,-0.2434,0,-0.0615,-0.2898,-0.9551,0,-0.0042,-0.0014,-0.0001,1]},
{"frame":61,"values":[-0.9168,-0.3619,0.1688,0,-0.3945,0.886,-0.2434,0,-0.0615,-0.2898,-0.9551,0,-0.0042,-0.0014,-0.0001,1]},
{"frame":109,"values":[-0.9168,-0.3619,0.1688,0,-0.3945,0.886,-0.2434,0,-0.0615,-0.2898,-0.9551,0,-0.0042,-0.0014,-0.0001,1]}],"loopBehavior":1,"name":"anim","property":"_matrix"}},
{"name":"L_Pinky2_JNT","index":34,"matrix":[0.9876,0,-0.157,0,0,1,0,0,0.157,0,0.9876,0,0.0007,0,0,1],"rest":[0.9876,0,-0.157,0,0,1,0,0,0.157,0,0.9876,0,0.0007,0,0,1],"parentBoneIndex":33,"length":0.0011
,"animation":{"dataType":3,"framePerSecond":24,"keys":[
{"frame":1,"values":[0.9876,0,-0.157,0,0,1,0,0,0.157,0,0.9876,0,0.0007,0,0,1]},
{"frame":49,"values":[0.9876,0,-0.157,0,0,1,0,0,0.157,0,0.9876,0,0.0007,0,0,1]},
{"frame":61,"values":[0.9876,0,-0.157,0,0,1,0,0,0.157,0,0.9876,0,0.0007,0,0,1]},
{"frame":109,"values":[0.9876,0,-0.157,0,0,1,0,0,0.157,0,0.9876,0,0.0007,0,0,1]}],"loopBehavior":1,"name":"anim","property":"_matrix"}},
{"name":"L_PinkyEND_JNT","index":35,"matrix":[-1,0,0.0055,0,0,1,0,0,-0.0055,0,-1,0,0.0011,0,0,1],"rest":[-1,0,0,0,0,1,0,0,0,0,-1,0,0.0011,0,0,1],"parentBoneIndex":34,"length":0.0011
,"animation":{"dataType":3,"framePerSecond":24,"keys":[
{"frame":1,"values":[-1,0,0.0055,0,0,1,0,0,-0.0055,0,-1,0,0.0011,0,0,1]},
{"frame":49,"values":[-1,0,0.0055,0,0,1,0,0,-0.0055,0,-1,0,0.0011,0,0,1]},
{"frame":61,"values":[-1,0,0.0055,0,0,1,0,0,-0.0055,0,-1,0,0.0011,0,0,1]},
{"frame":109,"values":[-1,0,0.0055,0,0,1,0,0,-0.0055,0,-1,0,0.0011,0,0,1]}],"loopBehavior":1,"name":"anim","property":"_matrix"}},
{"name":"L_LegUpper_JNT","index":36,"matrix":[-0.9932,-0.0313,-0.1119,0,-0.0004,0.9639,-0.2662,0,0.1162,-0.2644,-0.9574,0,0.0002,0.0024,-0.0003,1],"rest":[-0.9932,-0.0313,-0.1119,0,-0.0004,0.9639,-0.2662,0,0.1162,-0.2644,-0.9574,0,0.0002,0.0024,-0.0003,1],"parentBoneIndex":0,"length":0.0024
,"animation":{"dataType":3,"framePerSecond":24,"keys":[
{"frame":1,"values":[-0.9932,-0.0313,-0.1119,0,-0.0004,0.9639,-0.2662,0,0.1162,-0.2644,-0.9574,0,0.0002,0.0024,-0.0003,1]},
{"frame":49,"values":[-0.9932,-0.0313,-0.1119,0,-0.0004,0.9639,-0.2662,0,0.1162,-0.2644,-0.9574,0,0.0002,0.0024,-0.0003,1]},
{"frame":61,"values":[-0.9932,-0.0313,-0.1119,0,-0.0004,0.9639,-0.2662,0,0.1162,-0.2644,-0.9574,0,0.0002,0.0024,-0.0003,1]},
{"frame":109,"values":[-0.9932,-0.0313,-0.1119,0,-0.0004,0.9639,-0.2662,0,0.1162,-0.2644,-0.9574,0,0.0002,0.0024,-0.0003,1]}],"loopBehavior":1,"name":"anim","property":"_matrix"}},
{"name":"L_LegLower_JNT","index":37,"matrix":[0.9981,0.0004,0.0614,0,-0.0005,1,0.0002,0,-0.0614,-0.0003,0.9981,0,0.0024,0,-0.0001,1],"rest":[0.9981,0.0004,0.0614,0,-0.0005,1,0.0002,0,-0.0614,-0.0003,0.9981,0,0.0024,0,-0.0001,1],"parentBoneIndex":36,"length":0.0021
,"animation":{"dataType":3,"framePerSecond":24,"keys":[
{"frame":1,"values":[0.9981,0.0004,0.0614,0,-0.0005,1,0.0002,0,-0.0614,-0.0003,0.9981,0,0.0024,0,-0.0001,1]},
{"frame":49,"values":[0.9981,0.0004,0.0614,0,-0.0005,1,0.0002,0,-0.0614,-0.0003,0.9981,0,0.0024,0,-0.0001,1]},
{"frame":61,"values":[0.9981,0.0004,0.0614,0,-0.0005,1,0.0002,0,-0.0614,-0.0003,0.9981,0,0.0024,0,-0.0001,1]},
{"frame":109,"values":[0.9981,0.0004,0.0614,0,-0.0005,1,0.0002,0,-0.0614,-0.0003,0.9981,0,0.0024,0,-0.0001,1]}],"loopBehavior":1,"name":"anim","property":"_matrix"}},
{"name":"L_Foot_JNT","index":38,"matrix":[0.4672,-0.0163,-0.884,0,-0.0175,0.9995,-0.0276,0,0.884,0.0284,0.4667,0,0.0021,0,0,1],"rest":[0.4672,-0.0163,-0.884,0,-0.0175,0.9995,-0.0276,0,0.884,0.0284,0.4667,0,0.0021,0,0,1],"parentBoneIndex":37,"length":0.004
,"animation":{"dataType":3,"framePerSecond":24,"keys":[
{"frame":1,"values":[0.4672,-0.0163,-0.884,0,-0.0175,0.9995,-0.0276,0,0.884,0.0284,0.4667,0,0.0021,0,0,1]},
{"frame":49,"values":[0.4672,-0.0163,-0.884,0,-0.0175,0.9995,-0.0276,0,0.884,0.0284,0.4667,0,0.0021,0,0,1]},
{"frame":61,"values":[0.4672,-0.0163,-0.884,0,-0.0175,0.9995,-0.0276,0,0.884,0.0284,0.4667,0,0.0021,0,0,1]},
{"frame":109,"values":[0.4672,-0.0163,-0.884,0,-0.0175,0.9995,-0.0276,0,0.884,0.0284,0.4667,0,0.0021,0,0,1]}],"loopBehavior":1,"name":"anim","property":"_matrix"}},
{"name":"L_Toe_JNT","index":39,"matrix":[0.787,0.0091,-0.6169,0,0.0077,0.9997,0.0246,0,0.6169,-0.0241,0.7867,0,0.004,0,-0.0001,1],"rest":[0.787,0.0091,-0.6169,0,0.0077,0.9997,0.0246,0,0.6169,-0.0241,0.7867,0,0.004,0,-0.0001,1],"parentBoneIndex":38,"length":0.0025
,"animation":{"dataType":3,"framePerSecond":24,"keys":[
{"frame":1,"values":[0.787,0.0091,-0.6169,0,0.0077,0.9997,0.0246,0,0.6169,-0.0241,0.7867,0,0.004,0,-0.0001,1]},
{"frame":49,"values":[0.787,0.0091,-0.6169,0,0.0077,0.9997,0.0246,0,0.6169,-0.0241,0.7867,0,0.004,0,-0.0001,1]},
{"frame":61,"values":[0.787,0.0091,-0.6169,0,0.0077,0.9997,0.0246,0,0.6169,-0.0241,0.7867,0,0.004,0,-0.0001,1]},
{"frame":109,"values":[0.787,0.0091,-0.6169,0,0.0077,0.9997,0.0246,0,0.6169,-0.0241,0.7867,0,0.004,0,-0.0001,1]}],"loopBehavior":1,"name":"anim","property":"_matrix"}},
{"name":"L_ToeEND_JNT","index":40,"matrix":[1,0.0068,0,0,-0.0068,0.9999,-0.0139,0,-0.0001,0.0139,0.9999,0,0.0025,0,0,1],"rest":[1,0.0068,0,0,-0.0068,0.9999,-0.0139,0,-0.0001,0.0139,0.9999,0,0.0025,0,0,1],"parentBoneIndex":39,"length":0.0025
,"animation":{"dataType":3,"framePerSecond":24,"keys":[
{"frame":1,"values":[1,0.0068,0,0,-0.0068,0.9999,-0.0139,0,-0.0001,0.0139,0.9999,0,0.0025,0,0,1]},
{"frame":49,"values":[1,0.0068,0,0,-0.0068,0.9999,-0.0139,0,-0.0001,0.0139,0.9999,0,0.0025,0,0,1]},
{"frame":61,"values":[1,0.0068,0,0,-0.0068,0.9999,-0.0139,0,-0.0001,0.0139,0.9999,0,0.0025,0,0,1]},
{"frame":109,"values":[1,0.0068,0,0,-0.0068,0.9999,-0.0139,0,-0.0001,0.0139,0.9999,0,0.0025,0,0,1]}],"loopBehavior":1,"name":"anim","property":"_matrix"}},
{"name":"R_LegUpper_JNT","index":41,"matrix":[0.9932,-0.0314,0.112,0,0.0005,0.964,0.2659,0,-0.1163,-0.264,0.9575,0,0.0002,-0.0024,-0.0003,1],"rest":[0.9932,-0.0314,0.112,0,0.0005,0.964,0.2659,0,-0.1163,-0.264,0.9575,0,0.0002,-0.0024,-0.0003,1],"parentBoneIndex":0,"length":0.0024
,"animation":{"dataType":3,"framePerSecond":24,"keys":[
{"frame":1,"values":[0.9932,-0.0314,0.112,0,0.0005,0.964,0.2659,0,-0.1163,-0.264,0.9575,0,0.0002,-0.0024,-0.0003,1]},
{"frame":49,"values":[0.9932,-0.0314,0.112,0,0.0005,0.964,0.2659,0,-0.1163,-0.264,0.9575,0,0.0002,-0.0024,-0.0003,1]},
{"frame":61,"values":[0.9932,-0.0314,0.112,0,0.0005,0.964,0.2659,0,-0.1163,-0.264,0.9575,0,0.0002,-0.0024,-0.0003,1]},
{"frame":109,"values":[0.9932,-0.0314,0.112,0,0.0005,0.964,0.2659,0,-0.1163,-0.264,0.9575,0,0.0002,-0.0024,-0.0003,1]}],"loopBehavior":1,"name":"anim","property":"_matrix"}},
{"name":"R_LegLower_JNT","index":42,"matrix":[0.9981,0.0004,0.0614,0,-0.0005,1,0.0002,0,-0.0614,-0.0002,0.9981,0,-0.0024,0,0.0001,1],"rest":[0.9981,0.0004,0.0614,0,-0.0005,1,0.0002,0,-0.0614,-0.0002,0.9981,0,-0.0024,0,0.0001,1],"parentBoneIndex":41,"length":0.0021
,"animation":{"dataType":3,"framePerSecond":24,"keys":[
{"frame":1,"values":[0.9981,0.0004,0.0614,0,-0.0005,1,0.0002,0,-0.0614,-0.0002,0.9981,0,-0.0024,0,0.0001,1]},
{"frame":49,"values":[0.9981,0.0004,0.0614,0,-0.0005,1,0.0002,0,-0.0614,-0.0002,0.9981,0,-0.0024,0,0.0001,1]},
{"frame":61,"values":[0.9981,0.0004,0.0614,0,-0.0005,1,0.0002,0,-0.0614,-0.0002,0.9981,0,-0.0024,0,0.0001,1]},
{"frame":109,"values":[0.9981,0.0004,0.0614,0,-0.0005,1,0.0002,0,-0.0614,-0.0002,0.9981,0,-0.0024,0,0.0001,1]}],"loopBehavior":1,"name":"anim","property":"_matrix"}},
{"name":"R_Foot_JNT","index":43,"matrix":[0.4671,-0.016,-0.884,0,-0.0175,0.9995,-0.0273,0,0.884,0.0282,0.4666,0,-0.0021,0,0,1],"rest":[0.4671,-0.016,-0.884,0,-0.0175,0.9995,-0.0273,0,0.884,0.0282,0.4666,0,-0.0021,0,0,1],"parentBoneIndex":42,"length":0.004
,"animation":{"dataType":3,"framePerSecond":24,"keys":[
{"frame":1,"values":[0.4671,-0.016,-0.884,0,-0.0175,0.9995,-0.0273,0,0.884,0.0282,0.4666,0,-0.0021,0,0,1]},
{"frame":49,"values":[0.4671,-0.016,-0.884,0,-0.0175,0.9995,-0.0273,0,0.884,0.0282,0.4666,0,-0.0021,0,0,1]},
{"frame":61,"values":[0.4671,-0.016,-0.884,0,-0.0175,0.9995,-0.0273,0,0.884,0.0282,0.4666,0,-0.0021,0,0,1]},
{"frame":109,"values":[0.4671,-0.016,-0.884,0,-0.0175,0.9995,-0.0273,0,0.884,0.0282,0.4666,0,-0.0021,0,0,1]}],"loopBehavior":1,"name":"anim","property":"_matrix"}},
{"name":"R_Toe_JNT","index":44,"matrix":[0.787,0.0089,-0.6169,0,0.0076,0.9997,0.0241,0,0.617,-0.0237,0.7866,0,-0.004,0,0.0001,1],"rest":[0.787,0.0089,-0.6169,0,0.0076,0.9997,0.0241,0,0.617,-0.0237,0.7866,0,-0.004,0,0.0001,1],"parentBoneIndex":43,"length":0.0025
,"animation":{"dataType":3,"framePerSecond":24,"keys":[
{"frame":1,"values":[0.787,0.0089,-0.6169,0,0.0076,0.9997,0.0241,0,0.617,-0.0237,0.7866,0,-0.004,0,0.0001,1]},
{"frame":49,"values":[0.787,0.0089,-0.6169,0,0.0076,0.9997,0.0241,0,0.617,-0.0237,0.7866,0,-0.004,0,0.0001,1]},
{"frame":61,"values":[0.787,0.0089,-0.6169,0,0.0076,0.9997,0.0241,0,0.617,-0.0237,0.7866,0,-0.004,0,0.0001,1]},
{"frame":109,"values":[0.787,0.0089,-0.6169,0,0.0076,0.9997,0.0241,0,0.617,-0.0237,0.7866,0,-0.004,0,0.0001,1]}],"loopBehavior":1,"name":"anim","property":"_matrix"}},
{"name":"R_ToeEND_JNT","index":45,"matrix":[1,0.0068,-0.0002,0,-0.0068,0.9999,-0.0139,0,0.0001,0.0139,0.9999,0,-0.0025,0,0,1],"rest":[1,0.0068,-0.0002,0,-0.0068,0.9999,-0.0139,0,0.0001,0.0139,0.9999,0,-0.0025,0,0,1],"parentBoneIndex":44,"length":0.0025
,"animation":{"dataType":3,"framePerSecond":24,"keys":[
{"frame":1,"values":[1,0.0068,-0.0002,0,-0.0068,0.9999,-0.0139,0,0.0001,0.0139,0.9999,0,-0.0025,0,0,1]},
{"frame":49,"values":[1,0.0068,-0.0002,0,-0.0068,0.9999,-0.0139,0,0.0001,0.0139,0.9999,0,-0.0025,0,0,1]},
{"frame":61,"values":[1,0.0068,-0.0002,0,-0.0068,0.9999,-0.0139,0,0.0001,0.0139,0.9999,0,-0.0025,0,0,1]},
{"frame":109,"values":[1,0.0068,-0.0002,0,-0.0068,0.9999,-0.0139,0,0.0001,0.0139,0.9999,0,-0.0025,0,0,1]}],"loopBehavior":1,"name":"anim","property":"_matrix"}}]
,"ranges":[{"name":"Armature|Take 001|BaseLayer","from":0,"to":49},{"name":"Armature|Take 001|BaseLayer.001","from":60,"to":109}]}],
"meshes":[{"name":"Viking_POLY","id":"Viking_POLY","materialId":"character1.Viking_POLY","billboardMode":0,"position":[0,0,0],"rotation":[0,0,0],"scaling":[1,1,1],"isVisible":true,"freezeWorldMatrix":false,"isEnabled":true,"checkCollisions":true,"receiveShadows":false,"pickable":true,"tags":"","skeletonId":0,"numBoneInfluencers":5
,"positions":[0.9227,1.2178,0.3678,0.9254,1.2695,0.3978,0.9961,1.2624,0.3427,0.9726,1.2594,0.2457,0.9518,1.2115,0.2738,0.8856,1.2654,0.2426,0.8981,1.2152,0.2719,0.8565,1.2716,0.3367,0.9298,1.3316,0.3948,1.0006,1.3245,0.3395,0.9769,1.3215,0.2427,0.89,1.3275,0.2396,0.8609,1.3338,0.3337,0.9341,1.3804,0.36,0.9765,1.3765,0.3272,0.9632,1.3741,0.2659,0.9095,1.3778,0.264
,0.8915,1.3817,0.3222,0.9666,1.2133,0.3334,0.9226,1.1961,0.3162,0.9226,1.1961,0.3162,0.9226,1.1961,0.3162,0.8801,1.2191,0.33,0.9226,1.1961,0.3162,0.9363,1.3973,0.307,0.9363,1.3973,0.307,0.9363,1.3973,0.307,0.9363,1.3973,0.307,0.9363,1.3973,0.307,0.9341,1.3804,0.36,0.9341,1.3804,0.36,0.9298,1.3316,0.3948,0.9254,1.2695,0.3978,0.9226,1.1961,0.3162
,0.9227,1.2178,0.3678,0.9227,1.2178,0.3678,0.9227,1.2248,0.5784,0.9666,1.2225,0.6138,0.9961,1.2709,0.6027,0.9518,1.2248,0.6726,0.9726,1.2745,0.6974,0.8981,1.2286,0.6742,0.8856,1.2806,0.7001,0.8801,1.2286,0.616,0.8565,1.2806,0.6058,1.0006,1.333,0.6014,0.9298,1.3366,0.5438,0.9769,1.3366,0.6963,0.89,1.3428,0.6989,0.8609,1.3428,0.6047,0.9765,1.3856,0.6123
,0.9341,1.3876,0.5754,0.9632,1.3876,0.6696,0.9095,1.3914,0.6712,0.8915,1.3914,0.613,0.9226,1.2066,0.6313,0.9226,1.2066,0.6313,0.9226,1.2066,0.6313,0.9226,1.2066,0.6313,0.9363,1.4079,0.628,0.9363,1.4079,0.628,0.9363,1.4079,0.628,0.9363,1.4079,0.628,0.9363,1.4079,0.628,0.9341,1.3876,0.5754,0.9341,1.3876,0.5754,0.9254,1.2744,0.545,0.9298,1.3366,0.5438
,0.9226,1.2066,0.6313,0.9227,1.2248,0.5784,0.9227,1.2248,0.5784,0.1354,1.5505,0.5498,0.0747,1.5578,0.539,0.0768,1.6366,0.5365,0.1342,1.5025,0.4725,0.0736,1.5163,0.472,0.1354,1.5455,0.3922,0.0747,1.5535,0.4025,0.0736,1.5163,0.472,0.1379,1.6364,0.3893,0.0768,1.6323,0.4,0.1391,1.6844,0.4667,0.0778,1.6738,0.467,0.1379,1.6414,0.5469,0.0747,1.5578,0.539
,0.0628,1.5649,0.5265,0.0645,1.6294,0.5244,0.0747,1.5578,0.539,0.0736,1.5163,0.472,0.0619,1.5308,0.4716,0.0736,1.5163,0.472,0.0628,1.5613,0.4146,0.0768,1.6323,0.4,0.0645,1.6259,0.4125,0.0768,1.6323,0.4,0.0778,1.6738,0.467,0.0653,1.6599,0.4674,0.0768,1.6366,0.5365,0.0636,1.5954,0.4695,0.5118,1.5231,0.0033,0.5225,1.527,-0.0578,0.5246,1.6058,-0.0603
,0.5894,1.4755,0.0048,0.5897,1.4858,-0.0565,0.6694,1.5189,0.0034,0.659,1.5234,-0.0577,0.5897,1.4858,-0.0565,0.6718,1.6099,0.0005,0.6611,1.6021,-0.0602,0.5942,1.6575,-0.001,0.5939,1.6433,-0.0615,0.5142,1.6141,0.0004,0.5225,1.527,-0.0578,0.535,1.5334,-0.0701,0.5367,1.5979,-0.0722,0.5225,1.527,-0.0578,0.5897,1.4858,-0.0565,0.5901,1.4996,-0.069,0.6468,1.5304,-0.07
,0.6611,1.6021,-0.0602,0.6486,1.595,-0.0721,0.6611,1.6021,-0.0602,0.5939,1.6433,-0.0615,0.5935,1.6287,-0.0731,0.5939,1.6433,-0.0615,0.5246,1.6058,-0.0603,0.5918,1.5642,-0.0711,1.0611,1.6115,0.3771,1.0587,1.5206,0.38,1.1198,1.5254,0.3904,1.0575,1.4776,0.4602,1.1187,1.4882,0.4599,1.0587,1.5256,0.5376,1.1198,1.5298,0.5269,1.1187,1.4882,0.4599,1.0611,1.6166,0.5347
,1.1218,1.6085,0.5244,1.0623,1.6595,0.4545,1.1229,1.6457,0.4549,1.1218,1.6042,0.3879,1.1198,1.5254,0.3904,1.132,1.5326,0.4025,1.1337,1.5971,0.4005,1.1187,1.4882,0.4599,1.1312,1.5021,0.4595,1.1187,1.4882,0.4599,1.132,1.5361,0.5144,1.1218,1.6085,0.5244,1.1337,1.6007,0.5123,1.1229,1.6457,0.4549,1.1346,1.6312,0.4554,1.1218,1.6042,0.3879,1.1329,1.5666,0.4574
,0.6848,1.6387,0.9178,0.6823,1.5478,0.9207,0.672,1.5563,0.9872,0.6023,1.5044,0.9221,0.6027,1.5187,0.9884,0.6023,1.5044,0.9221,0.5247,1.5519,0.9206,0.5355,1.5599,0.9871,0.5271,1.6429,0.9177,0.5375,1.6386,0.9846,0.6072,1.6863,0.9163,0.6068,1.6762,0.9834,0.674,1.635,0.9847,0.672,1.5563,0.9872,0.6598,1.5641,0.9991,0.6615,1.6286,0.997,0.6027,1.5187,0.9884
,0.603,1.5333,1.0001,0.548,1.567,0.999,0.5375,1.6386,0.9846,0.5497,1.6316,0.9969,0.6068,1.6762,0.9834,0.6065,1.6624,0.996,0.674,1.635,0.9847,0.6047,1.5978,0.998,0.5984,1.484,0.9586,0.2481,1.4857,0.8175,0.2444,1.4958,0.8212,0.1002,1.4756,0.4702,0.0947,1.4856,0.4699,0.2411,1.4595,0.1202,0.2373,1.4693,0.1159,0.5885,1.447,-0.0274,0.5886,1.4566,-0.0334
,0.6045,1.9319,0.6227,0.4816,1.9325,0.5727,0.6042,1.9995,0.4454,0.4297,1.9289,0.4498,0.4791,1.9233,0.326,0.601,1.9188,0.2738,0.6031,1.7178,0.9487,0.2536,1.7195,0.8079,0.3175,1.7295,0.7451,0.1059,1.7094,0.4613,0.197,1.7211,0.46,0.2466,1.6934,0.1121,0.3117,1.708,0.1727,0.5932,1.6809,-0.0352,0.5944,1.6977,0.0515,0.3708,1.8337,0.6884,0.6039,1.8326,0.7832
,0.2723,1.8269,0.4552,0.3661,1.8161,0.2203,0.5973,1.8078,0.1212,0.5971,1.4667,0.8599,0.3174,1.468,0.7472,0.1992,1.46,0.4698,0.3118,1.4471,0.1902,0.5986,1.4941,0.964,0.95,1.4814,0.8146,0.9457,1.4714,0.811,1.0926,1.4651,0.4606,1.0867,1.4554,0.461,0.9429,1.4549,0.1094,0.9387,1.4452,0.1137,0.7263,1.9275,0.5704,0.7757,1.9218,0.4466,0.7238,1.9183,0.3238
,0.6025,1.7281,0.861,0.8851,1.7178,0.7398,0.9497,1.7053,0.8014,0.9998,1.7047,0.4525,0.8794,1.6964,0.1674,0.9427,1.6792,0.1057,0.8351,1.8242,0.6841,0.9289,1.8135,0.4492,0.8304,1.8066,0.216,0.8746,1.4566,0.742,0.9872,1.4438,0.4625,0.869,1.4357,0.185,0.5892,1.4371,0.0723,0.2416,1.6843,0.1077,0.593,1.6716,-0.0416,0.5932,1.6809,-0.0352,0.099,1.7005,0.4617
,0.2466,1.6934,0.1121,0.2487,1.7108,0.813,0.1059,1.7094,0.4613,0.2536,1.7195,0.8079,0.6031,1.7178,0.9487,0.603,1.709,0.9558,0.6031,1.7178,0.9487,0.9497,1.7053,0.8014,0.9543,1.6963,0.8065,0.9497,1.7053,0.8014,1.0904,1.6893,0.4522,1.0969,1.6801,0.4525,0.9427,1.6792,0.1057,0.9472,1.6699,0.1012,0.9427,1.6792,0.1057,0.5932,1.6809,-0.0352,0.423,1.9132,0.7292
